
*** RUNNING MODEL 7 (Beta) ***
######################################

>Done in 344 seconds 

-1789.83128856014

------------------------------------------------

dN/dS = 0.1038 (sample variance = 0.0250914)

Rate[1]=  0.00000706 (weight=0.1000000)
Rate[2]=  0.00022313 (weight=0.1000000)
Rate[3]=  0.00153828 (weight=0.1000000)
Rate[4]=  0.00576405 (weight=0.1000000)
Rate[5]=  0.01575294 (weight=0.1000000)
Rate[6]=  0.03571836 (weight=0.1000000)
Rate[7]=  0.07208963 (weight=0.1000000)
Rate[8]=  0.13588672 (weight=0.1000000)
Rate[9]=  0.25097762 (weight=0.1000000)
Rate[10]=  0.52004602 (weight=0.1000000)

------------------------------------------------

 No rate classes with dN/dS>1.

------------------------------------------------

Tabulated Posteriors for Each Site
Sites in Columns, Rate Classes in Rows
Import the following part into a data processing program
for further analysis


Rate/Site	Rate=7.06475e-06	Rate=0.000223129	Rate=0.00153828	Rate=0.00576405	Rate=0.0157529	Rate=0.0357184	Rate=0.0720896	Rate=0.135887	Rate=0.250978	Rate=0.520046
1	0.147733	0.1475	0.146091	0.141658	0.131716	0.113925	0.0875651	0.055393	0.0245372	0.00388208
2	5.04035e-05	0.00158845	0.0108067	0.0388051	0.0959075	0.177956	0.249704	0.250136	0.150323	0.0247214
3	0.141156	0.140978	0.139902	0.136499	0.128786	0.114675	0.0928835	0.0643134	0.0333626	0.00744417
4	0.157696	0.15736	0.155327	0.148973	0.134988	0.110908	0.0776884	0.0418625	0.0139987	0.00119872
5	0.128883	0.128783	0.128176	0.126247	0.121804	0.113397	0.0995796	0.0793696	0.0528996	0.020861
6	3.454e-09	3.43759e-06	0.000161139	0.00216416	0.0145549	0.0607177	0.169413	0.312203	0.3336	0.107183
7	1.00246e-09	9.98824e-07	4.71436e-05	0.000647297	0.00458615	0.0212212	0.0713989	0.18177	0.342078	0.378251
8	0.158828	0.158478	0.156363	0.14976	0.135259	0.110414	0.0764456	0.0403757	0.0130401	0.00103684
9	4.86356e-05	0.00153283	0.0104319	0.037502	0.0929394	0.173415	0.245944	0.251421	0.157516	0.0292497
10	0.145162	0.144953	0.143683	0.139682	0.130667	0.11438	0.0898183	0.0589203	0.0277579	0.00497609
11	1.5036e-09	1.49767e-06	7.0553e-05	0.000962751	0.00672253	0.0302183	0.0964861	0.22441	0.360369	0.280759
12	2.97679e-05	0.000938943	0.00642179	0.0234548	0.0603396	0.121261	0.196567	0.252775	0.235779	0.102432
13	2.79747e-05	0.000882451	0.00603833	0.0220884	0.0570331	0.115458	0.189673	0.249675	0.242879	0.116244
14	0.157864	0.157525	0.15548	0.14909	0.135027	0.110833	0.0775027	0.0416427	0.0138594	0.00117637
15	6.53657e-15	2.05909e-10	6.74188e-08	3.53773e-06	7.16932e-05	0.000820307	0.00644069	0.0386511	0.187559	0.766454
16	0.157621	0.157286	0.155258	0.148922	0.13497	0.110941	0.0777714	0.0419608	0.0140609	0.00120862
17	4.27996e-05	0.00134923	0.00919653	0.0332236	0.0832914	0.158988	0.234785	0.25687	0.180266	0.0419877
18	2.82278e-10	2.81472e-07	1.33478e-05	0.00018606	0.00136614	0.00678811	0.0259933	0.0829368	0.233628	0.649088
19	1.48747e-09	1.48164e-06	6.98062e-05	0.000952928	0.00665986	0.0299871	0.0960125	0.22418	0.361487	0.280649
20	0.151433	0.151166	0.149547	0.144466	0.13314	0.113133	0.0841886	0.0503162	0.020112	0.00249821
21	0.139797	0.139629	0.138613	0.135398	0.128098	0.114687	0.0938207	0.0661003	0.0353745	0.00848298
22	0.157621	0.157286	0.155258	0.148922	0.13497	0.110941	0.0777714	0.0419608	0.0140609	0.00120862
23	0.157767	0.15743	0.155391	0.149022	0.135004	0.110876	0.0776101	0.0417698	0.01394	0.00118946
24	7.42093e-10	7.39561e-07	3.49521e-05	0.000481912	0.00344819	0.0162714	0.0567166	0.153478	0.32137	0.448198
25	0.157756	0.157419	0.155381	0.149014	0.135001	0.11088	0.0776218	0.041785	0.0139509	0.0011916
26	0.158157	0.157814	0.155747	0.149288	0.135086	0.110688	0.077169	0.0412654	0.0136376	0.00114768
27	0.138995	0.138832	0.137849	0.134737	0.127663	0.114643	0.0943097	0.0671182	0.0366156	0.00923872
28	6.56572e-24	2.0609e-16	3.18613e-12	2.29883e-09	3.31547e-07	1.77864e-05	0.000487311	0.00818066	0.0946751	0.896639
29	0.150717	0.150457	0.148881	0.143931	0.132884	0.113317	0.0848696	0.0512935	0.0209192	0.00272944
30	1.34683e-09	1.34165e-06	6.32412e-05	0.000864644	0.00606496	0.0275078	0.0892425	0.213198	0.35805	0.305008
31	1.22931e-09	1.22467e-06	5.77524e-05	0.000790708	0.00556472	0.0254059	0.0834137	0.203443	0.354362	0.326961
32	0.14084	0.140664	0.1396	0.136237	0.128613	0.114654	0.093073	0.0647152	0.0338584	0.00774502
33	1.84733e-05	0.000583003	0.00400049	0.0147663	0.038946	0.0822566	0.145931	0.219614	0.271115	0.222769
34	0.157916	0.157576	0.155527	0.149124	0.135037	0.110807	0.0774434	0.0415764	0.0138212	0.00117183
35	0.158017	0.157676	0.155619	0.149192	0.135054	0.110752	0.0773246	0.041448	0.0137519	0.00116565
36	1.94846e-18	1.935e-12	4.31933e-09	8.19532e-07	4.17671e-05	0.000921676	0.0110183	0.0784887	0.328349	0.58118
37	2.80743e-05	0.00088559	0.00605969	0.0221651	0.057222	0.115803	0.190119	0.249961	0.242546	0.115211
38	0.157782	0.157444	0.155405	0.149032	0.135006	0.110868	0.0775929	0.0417514	0.0139303	0.00118858
39	4.90278e-05	0.00154517	0.0105154	0.0377952	0.0936239	0.17452	0.246998	0.251354	0.155757	0.027842
40	0.138985	0.138823	0.137841	0.134733	0.127668	0.114661	0.0943414	0.0671487	0.0366142	0.00918276
41	0.139675	0.139508	0.138501	0.135312	0.128067	0.114743	0.0939725	0.0662964	0.0354931	0.00843298
42	0.157621	0.157286	0.155258	0.148922	0.13497	0.110941	0.0777714	0.0419608	0.0140609	0.00120862
43	0.159345	0.158988	0.156832	0.150105	0.13535	0.11014	0.0758441	0.039721	0.012678	0.000997684
44	2.86604e-05	0.000904058	0.00618517	0.0226137	0.0583168	0.117759	0.192541	0.251268	0.240365	0.110018
45	0.157621	0.157286	0.155258	0.148922	0.13497	0.110941	0.0777714	0.0419608	0.0140609	0.00120862
46	0.157621	0.157286	0.155258	0.148922	0.13497	0.110941	0.0777714	0.0419608	0.0140609	0.00120862
47	0.125549	0.125465	0.124957	0.123338	0.119599	0.112474	0.10061	0.0828474	0.0585905	0.0265691
48	1.51196e-05	0.000477249	0.00327844	0.0121441	0.0322996	0.0693706	0.126876	0.201394	0.273606	0.280538
49	0.145581	0.145368	0.144076	0.140006	0.130843	0.114314	0.0894587	0.0583457	0.0272213	0.00478692
50	2.28914e-10	2.28287e-07	1.08337e-05	0.000151369	0.00111759	0.0056144	0.0219277	0.0723767	0.216245	0.682556
51	3.25627e-05	0.00102697	0.00701834	0.0255696	0.0653943	0.129892	0.206176	0.255733	0.224062	0.0850953
52	4.39363e-05	0.001385	0.00943772	0.0340646	0.0852212	0.161997	0.237443	0.256408	0.175663	0.0383361
53	0.142054	0.141869	0.140752	0.137223	0.129233	0.114653	0.0922477	0.0631245	0.0320496	0.00679402
54	0.162196	0.161803	0.15943	0.152044	0.135939	0.108763	0.0726319	0.0360605	0.0104679	0.000665276
55	0.160248	0.159879	0.157657	0.150727	0.135556	0.109732	0.0748454	0.0385462	0.0119351	0.000874245
56	2.93056e-05	0.000924379	0.00632301	0.0231037	0.0594955	0.119801	0.194893	0.252161	0.237708	0.105561
57	0.159375	0.159018	0.15686	0.15013	0.135366	0.110141	0.0758215	0.0396755	0.012631	0.00098268
58	0.159975	0.159612	0.15742	0.15058	0.135583	0.109984	0.0752346	0.0388305	0.0119566	0.000824426
59	0.135771	0.135631	0.134784	0.132099	0.125966	0.114559	0.0964012	0.0713009	0.0415289	0.0119588
60	0.160614	0.160241	0.157991	0.150975	0.135629	0.10955	0.0744294	0.0380778	0.0116575	0.000834276
61	0.158332	0.157988	0.155909	0.149414	0.135137	0.110625	0.076986	0.0410286	0.0134677	0.00111214
62	0.144789	0.144582	0.143331	0.139385	0.130491	0.114406	0.0901022	0.0594229	0.0282828	0.00520762
63	0.161661	0.161275	0.158944	0.151683	0.135837	0.109033	0.0732418	0.0367402	0.0108648	0.000720732
64	0.147934	0.1477	0.146282	0.141821	0.131817	0.113921	0.0874198	0.0551196	0.0242389	0.00374699
65	2.67837e-05	0.000844927	0.0057835	0.021179	0.0548241	0.11155	0.184936	0.247332	0.247434	0.12609
66	0.157621	0.157286	0.155258	0.148922	0.13497	0.110941	0.0777714	0.0419608	0.0140609	0.00120862
67	2.42494e-19	2.41071e-13	5.41577e-10	1.0489e-07	5.61152e-06	0.000136423	0.00194455	0.0188265	0.136226	0.842861
68	0.158199	0.157856	0.155786	0.149319	0.135099	0.110674	0.0771257	0.0412077	0.0135945	0.0011379
69	0.157763	0.157426	0.155388	0.149019	0.135003	0.110878	0.0776145	0.0417754	0.0139439	0.00119009
70	0.141832	0.141649	0.140542	0.137045	0.129126	0.114664	0.092412	0.0634227	0.0323686	0.0069396
71	0.134092	0.133963	0.133179	0.130693	0.125002	0.114371	0.0973055	0.0733675	0.0442349	0.0137921
72	0.157621	0.157286	0.155258	0.148922	0.13497	0.110941	0.0777714	0.0419608	0.0140609	0.00120862
73	0.159256	0.158902	0.156762	0.150081	0.135414	0.110303	0.0760293	0.0397747	0.0125566	0.000920289
74	0.135757	0.135617	0.134768	0.132076	0.125929	0.114504	0.0963377	0.071268	0.0415954	0.0121472
75	0.141093	0.140916	0.139843	0.136451	0.128763	0.114691	0.0929469	0.0644066	0.0334375	0.00745145
76	0.157621	0.157286	0.155258	0.148922	0.13497	0.110941	0.0777714	0.0419608	0.0140609	0.00120862
77	2.36253e-05	0.000745401	0.00510679	0.0187545	0.0488771	0.100801	0.17127	0.239107	0.258339	0.156975
78	5.30311e-05	0.00167107	0.0113609	0.040705	0.100082	0.183817	0.253333	0.246359	0.1412	0.0214184
79	2.85583e-05	0.000900838	0.00616316	0.0225335	0.0581122	0.11736	0.191952	0.250748	0.240601	0.111601
80	0.137731	0.137579	0.136659	0.133743	0.127095	0.114786	0.0953524	0.0688901	0.0383598	0.00980476
81	0.161348	0.160966	0.158659	0.151473	0.135778	0.109192	0.0735997	0.0371373	0.0110945	0.000751645
82	0.133399	0.133274	0.132515	0.130107	0.124592	0.11427	0.097648	0.0741983	0.0453703	0.0146272
83	0.1583	0.157956	0.155879	0.149392	0.135129	0.11064	0.0770222	0.0410712	0.0134947	0.00111663
84	0.13727	0.13712	0.13621	0.133328	0.126761	0.114608	0.0954428	0.0693666	0.039236	0.0106558
85	1.2447e-05	0.00039295	0.00270203	0.0100408	0.0269064	0.0586585	0.110235	0.183445	0.271091	0.336515
86	0.161163	0.160783	0.15849	0.151346	0.135737	0.109278	0.0738061	0.0373767	0.0112433	0.000775797
87	0.140374	0.140203	0.139164	0.135879	0.128423	0.114739	0.0934921	0.0653745	0.0344512	0.0079003
88	0.159342	0.158985	0.15683	0.150106	0.135356	0.110151	0.0758543	0.0397194	0.0126641	0.000990556
89	7.54487e-15	2.37744e-10	7.79834e-08	4.1148e-06	8.43449e-05	0.00098151	0.00782882	0.0469082	0.216574	0.727619
90	2.73707e-05	0.000863426	0.00590927	0.0216295	0.0559282	0.113542	0.18746	0.248831	0.24539	0.120419
91	0.158829	0.158478	0.156362	0.149755	0.135246	0.110394	0.076431	0.0403846	0.0130706	0.00105138
92	0.120591	0.12053	0.120158	0.11897	0.11621	0.110887	0.101822	0.087705	0.0670803	0.0360475
93	0.157847	0.157509	0.155465	0.149078	0.135022	0.110839	0.07752	0.0416649	0.0138755	0.00117999
94	0.141851	0.141667	0.140557	0.137049	0.12911	0.114619	0.0923487	0.0633806	0.0323995	0.00701825
95	0.138912	0.138751	0.137773	0.134679	0.127643	0.114683	0.0944168	0.0672573	0.0366984	0.00918628
96	0.157621	0.157286	0.155258	0.148922	0.13497	0.110941	0.0777714	0.0419608	0.0140609	0.00120862
97	0.140466	0.140294	0.139251	0.135953	0.128467	0.114734	0.0934232	0.0652514	0.034321	0.00783964
98	0.157621	0.157286	0.155258	0.148922	0.13497	0.110941	0.0777714	0.0419608	0.0140609	0.00120862
99	0.1583	0.157956	0.155879	0.149392	0.135129	0.11064	0.0770222	0.0410712	0.0134947	0.00111663
100	3.22681e-05	0.00101769	0.00695566	0.0253494	0.0648793	0.129056	0.205362	0.255737	0.225378	0.0862317
101	0.14568	0.145466	0.144169	0.140082	0.130883	0.114296	0.0893715	0.0582097	0.027098	0.00474598
102	9.60495e-10	9.57053e-07	4.51835e-05	0.000620888	0.00440738	0.0204696	0.0693142	0.178297	0.340881	0.385964
103	0.157621	0.157286	0.155258	0.148922	0.13497	0.110941	0.0777714	0.0419608	0.0140609	0.00120862
104	0.15871	0.158361	0.156253	0.149672	0.135217	0.110446	0.0765612	0.0405402	0.0131711	0.00106886

*** RUNNING MODEL 8 (Beta & w) ***
######################################

>Done in 571 seconds 

-1789.82592400434

------------------------------------------------

dN/dS = 0.105095 (sample variance = 0.0261755)

Rate[1]=  0.00000686 (weight=0.0999414)
Rate[2]=  0.00021895 (weight=0.0999414)
Rate[3]=  0.00151884 (weight=0.0999414)
Rate[4]=  0.00571604 (weight=0.0999414)
Rate[5]=  0.01567294 (weight=0.0999414)
Rate[6]=  0.03562805 (weight=0.0999414)
Rate[7]=  0.07205400 (weight=0.0999414)
Rate[8]=  0.13603883 (weight=0.0999414)
Rate[9]=  0.25156036 (weight=0.0999414)
Rate[10]=  0.52727989 (weight=0.0999414)
Rate[11]=  1.00000000 (weight=0.0005864)

------------------------------------------------

 Sites with dN/dS>1 (Posterior cutoff = 0.5)



------------------------------------------------

 Sites with dN/dS<=1 (Posterior cutoff = 0.5)

1 (1.05566e-06)
2 (4.27604e-06)
3 (3.42659e-06)
4 (1.28394e-07)
5 (2.50698e-05)
6 (3.56482e-05)
7 (0.000830751)
8 (9.98635e-08)
9 (6.75087e-06)
10 (1.59347e-06)
11 (0.000352406)
12 (8.18788e-05)
13 (0.000109291)
14 (1.25001e-07)
15 (0.00624272)
16 (1.29839e-07)
17 (1.31173e-05)
18 (0.00662096)
19 (0.000338564)
20 (4.37733e-07)
21 (4.43171e-06)
22 (1.29839e-07)
23 (1.27122e-07)
24 (0.00139593)
25 (1.27528e-07)
26 (1.22906e-07)
27 (5.42495e-06)
28 (0.0132037)
29 (5.33116e-07)
30 (0.000432614)
31 (0.000520386)
32 (3.79457e-06)
33 (0.00051708)
34 (1.24916e-07)
35 (1.25547e-07)
36 (0.000862195)
37 (0.000106299)
38 (1.27181e-07)
39 (5.81811e-06)
40 (5.20357e-06)
41 (4.20922e-06)
42 (1.29839e-07)
43 (9.97332e-08)
44 (9.40927e-05)
45 (1.29839e-07)
46 (1.29839e-07)
47 (4.07239e-05)
48 (0.000951973)
49 (1.4975e-06)
50 (0.00844629)
51 (5.55385e-05)
52 (1.00559e-05)
53 (2.84807e-06)
54 (4.70715e-08)
55 (7.67483e-08)
56 (8.66565e-05)
57 (9.44483e-08)
58 (5.57781e-08)
59 (8.26486e-06)
60 (7.09601e-08)
61 (1.14537e-07)
62 (1.76253e-06)
63 (5.47723e-08)
64 (9.62841e-07)
65 (0.00013151)
66 (1.29839e-07)
67 (0.0100493)
68 (1.20161e-07)
69 (1.27161e-07)
70 (2.95455e-06)
71 (1.0891e-05)
72 (1.29839e-07)
73 (7.00658e-08)
74 (8.92632e-06)
75 (3.3834e-06)
76 (1.29839e-07)
77 (0.000219261)
78 (3.53366e-06)
79 (9.96425e-05)
80 (5.17247e-06)
81 (5.86878e-08)
82 (1.22763e-05)
83 (1.15291e-07)
84 (6.7771e-06)
85 (0.00157109)
86 (6.30344e-08)
87 (3.72952e-06)
88 (9.70447e-08)
89 (0.00404295)
90 (0.000115623)
91 (1.05533e-07)
92 (7.17062e-05)
93 (1.26081e-07)
94 (3.09232e-06)
95 (5.13693e-06)
96 (1.29839e-07)
97 (3.67443e-06)
98 (1.29839e-07)
99 (1.15291e-07)
100 (5.59471e-05)
101 (1.47908e-06)
102 (0.000849999)
103 (1.29839e-07)
104 (1.09091e-07)


------------------------------------------------

Tabulated Posteriors for Each Site
Sites in Columns, Rate Classes in Rows
Import the following part into a data processing program
for further analysis


Rate/Site	Rate=6.86354e-06	Rate=0.000218952	Rate=0.00151884	Rate=0.00571604	Rate=0.0156729	Rate=0.035628	Rate=0.072054	Rate=0.136039	Rate=0.25156	Rate=0.52728	Rate=1
1	0.147718	0.14749	0.146099	0.141698	0.131793	0.114016	0.0876212	0.0553779	0.0244758	0.00371108	1.05566e-06
2	4.90538e-05	0.00156151	0.0106911	0.0385706	0.0956826	0.178054	0.250323	0.250886	0.150536	0.0236407	4.27604e-06
3	0.141146	0.140972	0.139909	0.136534	0.128856	0.114765	0.0929597	0.0643358	0.0333294	0.00718936	3.42659e-06
4	0.157632	0.157302	0.155295	0.148993	0.135065	0.111011	0.0777544	0.0418558	0.0139602	0.0011311	1.28394e-07
5	0.128891	0.128793	0.128195	0.126283	0.121864	0.113479	0.0996662	0.0794334	0.0529192	0.0204524	2.50698e-05
6	3.26779e-09	3.31808e-06	0.000157501	0.00213454	0.0144567	0.0606397	0.169869	0.313708	0.335073	0.103923	3.56482e-05
7	9.45286e-10	9.60897e-07	4.59223e-05	0.000636156	0.00453795	0.0211106	0.0713177	0.182068	0.343031	0.376421	0.000830751
8	0.158759	0.158416	0.156329	0.14978	0.135338	0.110518	0.0765116	0.0403682	0.0130027	0.000976642	9.98635e-08
9	4.73269e-05	0.00150662	0.010319	0.0372702	0.0927093	0.173493	0.246546	0.252205	0.157809	0.028088	6.75087e-06
10	0.145136	0.144931	0.143678	0.13971	0.130735	0.114473	0.0898937	0.0589376	0.0277231	0.00478095	1.59347e-06
11	1.42279e-09	1.44584e-06	6.89669e-05	0.000949537	0.00667563	0.0301671	0.096701	0.225441	0.362132	0.277511	0.000352406
12	2.89796e-05	0.000923285	0.00635456	0.0233154	0.0601957	0.121315	0.197065	0.253708	0.236616	0.100396	8.18788e-05
13	2.72366e-05	0.000867818	0.00597564	0.0219588	0.0568999	0.115512	0.190152	0.250593	0.243741	0.114163	0.000109291
14	0.157799	0.157467	0.155448	0.149109	0.135105	0.110936	0.0775688	0.0416359	0.0138211	0.00110979	1.25001e-07
15	5.82802e-15	1.89179e-10	6.31033e-08	3.35512e-06	6.86785e-05	0.000792183	0.0062616	0.0377828	0.184085	0.764764	0.00624272
16	0.157557	0.157228	0.155227	0.148942	0.135048	0.111044	0.0778374	0.0419541	0.0140223	0.00114054	1.29839e-07
17	4.16574e-05	0.00132647	0.00909881	0.0330237	0.0830948	0.159072	0.235382	0.257728	0.18069	0.0405297	1.31173e-05
18	2.61203e-10	2.65718e-07	1.27581e-05	0.000179405	0.00132606	0.00662345	0.025468	0.0815196	0.230135	0.648114	0.00662096
19	1.40572e-09	1.42852e-06	6.81495e-05	0.000938663	0.00660537	0.029903	0.0961375	0.225077	0.363252	0.277678	0.000338564
20	0.151405	0.151143	0.149545	0.144502	0.133218	0.113224	0.0842416	0.0502952	0.0200523	0.00237309	4.37733e-07
21	0.139792	0.139628	0.138625	0.135437	0.128168	0.114777	0.0938968	0.0661237	0.0353413	0.00820635	4.43171e-06
22	0.157557	0.157228	0.155227	0.148942	0.135048	0.111044	0.0778374	0.0419541	0.0140223	0.00114054	1.29839e-07
23	0.157702	0.157371	0.15536	0.149042	0.135082	0.110979	0.0776762	0.0417631	0.0139017	0.00112228	1.27122e-07
24	6.96891e-10	7.08549e-07	3.39061e-05	0.000471656	0.00339783	0.0161205	0.0564306	0.153188	0.321375	0.447586	0.00139593
25	0.157691	0.15736	0.15535	0.149034	0.135079	0.110983	0.0776879	0.0417783	0.0139125	0.00112432	1.27528e-07
26	0.158091	0.157755	0.155715	0.149308	0.135164	0.110792	0.0772348	0.041258	0.0135993	0.00108259	1.22906e-07
27	0.138993	0.138834	0.137863	0.134776	0.127734	0.114733	0.0943863	0.0671431	0.0365836	0.00894953	5.42495e-06
28	5.41346e-24	1.78634e-16	2.8487e-12	2.10099e-09	3.081e-07	1.6746e-05	0.000463539	0.00784186	0.0912025	0.887271	0.0132037
29	0.150692	0.150437	0.148881	0.143968	0.132962	0.113408	0.0849229	0.0512733	0.0208589	0.00259622	5.33116e-07
30	1.27232e-09	1.29306e-06	6.17163e-05	0.000851358	0.0060128	0.0274186	0.0893187	0.213959	0.359663	0.302281	0.000432614
31	1.16094e-09	1.17994e-06	5.63416e-05	0.000778296	0.0055149	0.0253139	0.0834517	0.204088	0.355829	0.324447	0.000520386
32	0.140826	0.140654	0.139604	0.136269	0.12868	0.114745	0.0931528	0.0647444	0.0338326	0.0074885	3.79457e-06
33	1.79491e-05	0.000572159	0.00395071	0.0146482	0.0387693	0.0821119	0.145993	0.220052	0.27187	0.221497	0.00051708
34	0.15785	0.157518	0.155495	0.149144	0.135115	0.11091	0.0775095	0.0415696	0.013783	0.0011055	1.24916e-07
35	0.157951	0.157617	0.155587	0.149212	0.135132	0.110856	0.0773904	0.0414408	0.0137136	0.00109971	1.25547e-07
36	1.72893e-18	1.78708e-12	4.08973e-09	7.89838e-07	4.08017e-05	0.000909976	0.0109676	0.078571	0.329547	0.5791	0.000862195
37	2.73336e-05	0.000870907	0.00599679	0.0220351	0.0570885	0.115857	0.190601	0.250882	0.243408	0.113127	0.000106299
38	0.157717	0.157386	0.155373	0.149052	0.135084	0.110971	0.0776589	0.0417447	0.0138919	0.00112145	1.27181e-07
39	4.77136e-05	0.00151892	0.0104026	0.0375654	0.0934007	0.174611	0.24761	0.252126	0.156016	0.0266957	5.81811e-06
40	0.138978	0.138819	0.13785	0.134768	0.127736	0.114751	0.0944219	0.0671814	0.0365912	0.00889816	5.20357e-06
41	0.139641	0.139478	0.138484	0.135326	0.128122	0.114833	0.0940694	0.06636	0.0355051	0.00817765	4.20922e-06
42	0.157557	0.157228	0.155227	0.148942	0.135048	0.111044	0.0778374	0.0419541	0.0140223	0.00114054	1.29839e-07
43	0.159275	0.158925	0.156798	0.150124	0.13543	0.110245	0.0759095	0.0397125	0.0126407	0.000939715	9.97332e-08
44	2.79012e-05	0.000888972	0.00612033	0.0224789	0.0581758	0.117807	0.193023	0.252195	0.241233	0.107956	9.40927e-05
45	0.157557	0.157228	0.155227	0.148942	0.135048	0.111044	0.0778374	0.0419541	0.0140223	0.00114054	1.29839e-07
46	0.157557	0.157228	0.155227	0.148942	0.135048	0.111044	0.0778374	0.0419541	0.0140223	0.00114054	1.29839e-07
47	0.125562	0.12548	0.124979	0.123375	0.119656	0.112551	0.100693	0.0829129	0.0586173	0.0261331	4.07239e-05
48	1.46778e-05	0.000467964	0.00323476	0.0120357	0.0321208	0.0691726	0.126778	0.201529	0.273969	0.279726	0.000951973
49	0.145553	0.145344	0.14407	0.140033	0.130911	0.114407	0.0895339	0.0583622	0.0271862	0.00459726	1.4975e-06
50	2.11062e-10	2.14736e-07	1.03176e-05	0.000145424	0.0010808	0.00545771	0.0214027	0.070864	0.21217	0.680423	0.00844629
51	3.17011e-05	0.00100986	0.00694509	0.025419	0.0652432	0.129961	0.206712	0.256674	0.224813	0.083136	5.55385e-05
52	4.2783e-05	0.00136225	0.00934162	0.0338745	0.0850545	0.162137	0.23809	0.257239	0.175969	0.0368795	1.00559e-05
53	0.14204	0.14186	0.140757	0.137257	0.129303	0.114744	0.0923234	0.0631452	0.0320152	0.00655298	2.84807e-06
54	0.162115	0.16173	0.159389	0.152062	0.136024	0.108873	0.072698	0.0360513	0.0104342	0.000623437	4.70715e-08
55	0.160174	0.159813	0.15762	0.150746	0.135637	0.109839	0.0749115	0.038538	0.0118992	0.000822013	7.67483e-08
56	2.85273e-05	0.000908893	0.00625632	0.0229646	0.059349	0.119846	0.195376	0.253089	0.238568	0.103527	8.66565e-05
57	0.159304	0.158954	0.156825	0.150149	0.135446	0.110246	0.0758875	0.0396677	0.0125942	0.000925268	9.44483e-08
58	0.159895	0.159539	0.157376	0.150593	0.135662	0.110094	0.0753087	0.0388315	0.0119259	0.000774149	5.57781e-08
59	0.135753	0.135617	0.134782	0.132122	0.126023	0.114646	0.0964947	0.0713652	0.0415437	0.0116448	8.26486e-06
60	0.160538	0.160173	0.157952	0.150994	0.13571	0.109658	0.0744966	0.0380707	0.0116228	0.000784109	7.09601e-08
61	0.158265	0.157928	0.155876	0.149434	0.135216	0.110729	0.077052	0.0410215	0.0134298	0.00104855	1.14537e-07
62	0.144765	0.144562	0.143328	0.139414	0.13056	0.114498	0.0901771	0.0594398	0.0282473	0.00500659	1.76253e-06
63	0.161582	0.161203	0.158903	0.151702	0.13592	0.109142	0.0733088	0.0367322	0.0108312	0.000676185	5.47723e-08
64	0.147898	0.147668	0.146269	0.141845	0.131885	0.114015	0.0874945	0.0551331	0.0242034	0.00358774	9.62841e-07
65	2.60757e-05	0.000830874	0.00572315	0.0210534	0.054692	0.111592	0.185389	0.248229	0.248318	0.124015	0.00013151
66	0.157557	0.157228	0.155227	0.148942	0.135048	0.111044	0.0778374	0.0419541	0.0140223	0.00114054	1.29839e-07
67	2.07967e-19	2.15183e-13	4.95569e-10	9.76796e-08	5.29588e-06	0.000130106	0.00186994	0.0182189	0.132382	0.837345	0.0100493
68	0.158133	0.157797	0.155754	0.149339	0.135177	0.110778	0.0771916	0.0412004	0.0135564	0.00107321	1.20161e-07
69	0.157698	0.157367	0.155356	0.149039	0.135081	0.110981	0.0776806	0.0417687	0.0139055	0.00112288	1.27161e-07
70	0.141818	0.141639	0.140547	0.137079	0.129195	0.114755	0.0924884	0.0634448	0.0323355	0.00669558	2.95455e-06
71	0.134081	0.133955	0.133183	0.13072	0.12506	0.114457	0.0973975	0.0734321	0.0442511	0.0134529	1.0891e-05
72	0.157557	0.157228	0.155227	0.148942	0.135048	0.111044	0.0778374	0.0419541	0.0140223	0.00114054	1.29839e-07
73	0.159179	0.158832	0.15672	0.150095	0.135492	0.110412	0.0761032	0.039776	0.0125252	0.000865474	7.00658e-08
74	0.135741	0.135604	0.134767	0.1321	0.125988	0.114592	0.0964303	0.07133	0.0416071	0.0118311	8.92632e-06
75	0.141082	0.140908	0.13985	0.136486	0.128833	0.114782	0.0930237	0.06443	0.0334052	0.00719606	3.3834e-06
76	0.157557	0.157228	0.155227	0.148942	0.135048	0.111044	0.0778374	0.0419541	0.0140223	0.00114054	1.29839e-07
77	2.29931e-05	0.000732758	0.00505175	0.0186364	0.0487403	0.100798	0.171624	0.239907	0.25925	0.155017	0.000219261
78	5.16013e-05	0.00164242	0.0112374	0.0404527	0.0998351	0.183902	0.253945	0.247083	0.14139	0.0204576	3.53366e-06
79	2.78007e-05	0.00088577	0.0060983	0.0223983	0.0579695	0.117403	0.192426	0.251666	0.241469	0.109557	9.96425e-05
80	0.137739	0.13759	0.136681	0.133788	0.127169	0.114876	0.0954272	0.0689117	0.0383216	0.00949094	5.17247e-06
81	0.161271	0.160896	0.15862	0.151492	0.135861	0.109301	0.0736654	0.037128	0.0110596	0.000705396	5.86878e-08
82	0.13339	0.133268	0.13252	0.130135	0.12465	0.114355	0.0977397	0.0742636	0.045388	0.0142787	1.22763e-05
83	0.158233	0.157896	0.155846	0.149411	0.135208	0.110744	0.077088	0.0410639	0.0134566	0.00105282	1.15291e-07
84	0.137271	0.137124	0.136226	0.133368	0.126831	0.114698	0.0955224	0.0693989	0.0392111	0.0103413	6.7771e-06
85	1.20608e-05	0.000384586	0.00266101	0.00993215	0.0267053	0.0583743	0.109927	0.183201	0.270936	0.336296	0.00157109
86	0.161085	0.160713	0.158451	0.151365	0.13582	0.109387	0.0738728	0.0373686	0.0112089	0.000728522	6.30344e-08
87	0.140337	0.140169	0.139145	0.135892	0.128478	0.11483	0.0935897	0.0654379	0.0344627	0.00765538	3.72952e-06
88	0.159273	0.158923	0.156796	0.150126	0.135436	0.110256	0.0759192	0.0397104	0.0126266	0.000932788	9.70447e-08
89	6.61642e-15	2.14844e-10	7.18141e-08	3.84279e-06	7.97188e-05	0.0009383	0.00756832	0.0458235	0.213388	0.728155	0.00404295
90	2.66464e-05	0.000849042	0.00584745	0.0215008	0.0557928	0.113585	0.187922	0.249741	0.246278	0.118341	0.000115623
91	0.158761	0.158418	0.156329	0.149775	0.135325	0.110498	0.0764957	0.0403757	0.0130323	0.000990613	1.05533e-07
92	0.12061	0.12055	0.120183	0.119006	0.116262	0.110955	0.101896	0.0877683	0.0671135	0.0355847	7.17062e-05
93	0.157782	0.15745	0.155433	0.149098	0.1351	0.110942	0.077586	0.0416581	0.0138371	0.00111327	1.26081e-07
94	0.141834	0.141654	0.140559	0.137081	0.129177	0.114711	0.0924276	0.0634069	0.0323707	0.00677539	3.09232e-06
95	0.13891	0.138752	0.137788	0.134718	0.127714	0.114773	0.0944936	0.0672828	0.0366669	0.00889615	5.13693e-06
96	0.157557	0.157228	0.155227	0.148942	0.135048	0.111044	0.0778374	0.0419541	0.0140223	0.00114054	1.29839e-07
97	0.140428	0.14026	0.139232	0.135965	0.128522	0.114825	0.093521	0.065315	0.0343328	0.0075961	3.67443e-06
98	0.157557	0.157228	0.155227	0.148942	0.135048	0.111044	0.0778374	0.0419541	0.0140223	0.00114054	1.29839e-07
99	0.158233	0.157896	0.155846	0.149411	0.135208	0.110744	0.077088	0.0410639	0.0134566	0.00105282	1.15291e-07
100	3.1415e-05	0.00100077	0.00688321	0.0252006	0.0647304	0.129126	0.205899	0.256682	0.226138	0.0842518	5.59471e-05
101	0.145651	0.145441	0.144162	0.140109	0.130951	0.114389	0.0894472	0.0582269	0.0270636	0.00455777	1.47908e-06
102	9.05177e-10	9.20163e-07	4.39868e-05	0.000609837	0.00435851	0.0203515	0.0692012	0.178523	0.341773	0.384288	0.000849999
103	0.157557	0.157228	0.155227	0.148942	0.135048	0.111044	0.0778374	0.0419541	0.0140223	0.00114054	1.29839e-07
104	0.158642	0.1583	0.15622	0.149692	0.135297	0.11055	0.0766269	0.0405324	0.0131333	0.00100735	1.09091e-07
