
*** RUNNING MODEL 7 (Beta) ***
######################################

>Done in 444 seconds 

-2523.91975887726

------------------------------------------------

dN/dS = 0.149641 (sample variance = 0.0287165)

Rate[1]=  0.00082272 (weight=0.1000000)
Rate[2]=  0.00623661 (weight=0.1000000)
Rate[3]=  0.01793626 (weight=0.1000000)
Rate[4]=  0.03680653 (weight=0.1000000)
Rate[5]=  0.06410964 (weight=0.1000000)
Rate[6]=  0.10184587 (weight=0.1000000)
Rate[7]=  0.15343905 (weight=0.1000000)
Rate[8]=  0.22547679 (weight=0.1000000)
Rate[9]=  0.33376447 (weight=0.1000000)
Rate[10]=  0.55597689 (weight=0.1000000)

------------------------------------------------

 No rate classes with dN/dS>1.

------------------------------------------------

Tabulated Posteriors for Each Site
Sites in Columns, Rate Classes in Rows
Import the following part into a data processing program
for further analysis


Rate/Site	Rate=0.000822715	Rate=0.00623661	Rate=0.0179363	Rate=0.0368065	Rate=0.0641096	Rate=0.101846	Rate=0.153439	Rate=0.225477	Rate=0.333764	Rate=0.555977
1	0.193494	0.185257	0.168642	0.144941	0.116447	0.0860886	0.0570137	0.0321257	0.013616	0.00237446
2	0.232579	0.216859	0.18647	0.146282	0.103133	0.0638302	0.0333289	0.0136133	0.00363724	0.000267306
3	0.187675	0.180309	0.165368	0.143844	0.117582	0.089018	0.0608837	0.0358652	0.0162316	0.00322355
4	0.14802	0.145167	0.13919	0.130065	0.117913	0.102968	0.085559	0.0660723	0.0448158	0.0202296
5	0.256698	0.234892	0.19396	0.142581	0.0915641	0.0498804	0.0219351	0.00708846	0.00134903	5.20557e-05
6	0.19916	0.190033	0.171719	0.145839	0.115163	0.0831248	0.0532697	0.0286604	0.0113246	0.00170591
7	0.00878602	0.0604931	0.141365	0.207771	0.223784	0.183756	0.113244	0.0485554	0.0117036	0.000541439
8	0.254467	0.233285	0.193406	0.143083	0.0927201	0.051126	0.0228423	0.00753642	0.0014751	5.95722e-05
9	0.221956	0.208555	0.182328	0.146878	0.107554	0.0700848	0.0392003	0.0175717	0.00536497	0.000507318
10	1.43014e-05	0.000791525	0.00603689	0.0223098	0.0560616	0.109153	0.174091	0.230513	0.24407	0.156959
11	0.233649	0.217699	0.186896	0.14623	0.102688	0.0631907	0.0327247	0.0132083	0.0034662	0.000246736
12	0.00770651	0.0535402	0.127574	0.193477	0.218067	0.190659	0.128028	0.0618871	0.0178647	0.00119648
13	0.00462887	0.0331061	0.0839795	0.140821	0.183353	0.195271	0.171035	0.118868	0.0581831	0.0107539
14	0.25514	0.233765	0.193563	0.142921	0.092366	0.050754	0.022579	0.00741166	0.00144244	5.80032e-05
15	0.205091	0.194908	0.174619	0.1463	0.113342	0.0797701	0.0494901	0.0255554	0.00958172	0.00134309
16	0.255244	0.233832	0.193571	0.142878	0.0923023	0.0507028	0.0225554	0.00740936	0.001446	5.88239e-05
17	1.71482e-05	0.000944646	0.00713291	0.0259454	0.0637579	0.120509	0.184961	0.233034	0.23082	0.132878
18	0.254435	0.233263	0.193399	0.143092	0.0927372	0.051143	0.0228536	0.0075412	0.0014761	5.95816e-05
19	0.00760433	0.0528768	0.126233	0.192029	0.217391	0.191224	0.12947	0.0633006	0.0185835	0.00128723
20	0.00476635	0.0340403	0.0860817	0.143631	0.185685	0.195851	0.169337	0.115649	0.0552121	0.00974717
21	0.00518481	0.036868	0.092364	0.151829	0.192154	0.196929	0.163892	0.106336	0.0471879	0.00725617
22	0.00496424	0.0353828	0.0890917	0.147626	0.188955	0.196589	0.166854	0.111082	0.0510788	0.00837611
23	0.00461509	0.0330169	0.0838023	0.140646	0.183325	0.19547	0.17137	0.119099	0.0581143	0.0105411
24	0.25432	0.233181	0.193373	0.14312	0.0927985	0.0512067	0.022898	0.00756173	0.00148118	5.97682e-05
25	2.4772e-05	0.00135274	0.010023	0.0353625	0.0831482	0.147874	0.208905	0.234713	0.19651	0.0820874
26	0.00754648	0.0525021	0.12548	0.191226	0.217033	0.191563	0.130282	0.064074	0.0189623	0.00133106
27	0.00695497	0.0486495	0.117631	0.182613	0.212784	0.194596	0.138705	0.0726327	0.0234901	0.0019435
28	1.00807e-05	0.000561407	0.00434001	0.016395	0.0425458	0.08667	0.147255	0.213525	0.260553	0.228144
29	1.70736e-05	0.000940123	0.00709229	0.0257632	0.0632075	0.119278	0.182913	0.23082	0.230737	0.139232
30	0.00603337	0.0425581	0.104781	0.167476	0.203529	0.197225	0.15208	0.0887772	0.0337094	0.00383098
31	3.31664e-05	0.00179748	0.0131021	0.0450202	0.101878	0.171812	0.225628	0.228681	0.163475	0.0485726
32	0.207543	0.196902	0.175762	0.146412	0.112521	0.0783604	0.0479693	0.0243608	0.00894723	0.00122187
33	0.254543	0.233338	0.193421	0.143062	0.092679	0.0510851	0.0228152	0.00752486	0.00147268	5.95494e-05
34	0.00763983	0.0531084	0.126707	0.192553	0.217657	0.191052	0.128964	0.0627756	0.0182979	0.00124609
35	0.00294243	0.0214431	0.0566401	0.101359	0.144922	0.175487	0.182851	0.161325	0.112042	0.0409886
36	0.254694	0.233445	0.193454	0.143022	0.0925978	0.0510024	0.0227588	0.00749972	0.00146684	5.93908e-05
37	0.254751	0.233486	0.193469	0.143011	0.0925688	0.0509701	0.0227346	0.00748725	0.00146318	5.91646e-05
38	1.2378e-07	5.09876e-05	0.00107499	0.00764984	0.0305542	0.0833591	0.169035	0.260442	0.2897	0.158134
39	2.30119e-13	5.53755e-09	1.0006e-06	3.17488e-05	0.000417754	0.00322111	0.0172859	0.0710948	0.237114	0.670833
40	0.004592	0.0328298	0.0832203	0.139446	0.181531	0.193625	0.170523	0.120233	0.0610735	0.0129272
41	1.24477e-15	2.24039e-10	1.13105e-07	7.02993e-06	0.000150703	0.00168455	0.0120371	0.0614157	0.236661	0.688044
42	2.99878e-10	9.39036e-07	5.72868e-05	0.000844844	0.00596208	0.0263576	0.0827462	0.194669	0.339814	0.349548
43	0.208854	0.197977	0.176397	0.146509	0.11212	0.0776292	0.0471486	0.0236827	0.00855454	0.00112695
44	0.00384755	0.0277538	0.071707	0.123829	0.168155	0.18963	0.179297	0.138194	0.0784526	0.019133
45	0.00769753	0.0534793	0.127438	0.193301	0.217936	0.190657	0.12817	0.0620905	0.018007	0.0012243
46	0.25621	0.234536	0.193829	0.14268	0.0918119	0.0501567	0.0221436	0.00719634	0.00138165	5.43538e-05
47	2.9231e-20	2.95223e-13	1.17106e-09	2.82182e-07	1.62884e-05	0.000389912	0.00506015	0.040985	0.220016	0.733532
48	3.21843e-10	1.00706e-06	6.13364e-05	0.000902112	0.00634025	0.0278626	0.0867072	0.201263	0.343364	0.333499
49	0.00761915	0.0529758	0.126447	0.192291	0.217566	0.191199	0.129246	0.0630107	0.0183928	0.00125201
50	0.254472	0.233288	0.193406	0.143081	0.0927172	0.0511239	0.0228415	0.00753648	0.00147531	5.96091e-05
51	0.189923	0.182165	0.166486	0.144041	0.1169	0.0877259	0.0594043	0.0346437	0.0155711	0.00314006
52	0.00369052	0.0266639	0.069132	0.120062	0.1644	0.187575	0.180276	0.142253	0.0837864	0.02216
53	0.00758343	0.0527451	0.125986	0.191807	0.217364	0.191422	0.129744	0.0634678	0.0186055	0.00127364
54	0.255875	0.234287	0.19373	0.142737	0.0919765	0.0503502	0.0222973	0.00728082	0.00140929	5.65514e-05
55	2.85197e-05	0.00155231	0.0114204	0.03983	0.0920812	0.1599	0.218431	0.233656	0.180674	0.0624265
56	0.25432	0.233181	0.193373	0.14312	0.0927985	0.0512067	0.022898	0.00756173	0.00148118	5.97682e-05
57	0.254694	0.233445	0.193454	0.143022	0.0925978	0.0510024	0.0227588	0.00749972	0.00146684	5.93908e-05
58	0.202649	0.192862	0.173324	0.145958	0.113936	0.081062	0.0510799	0.0269954	0.0105169	0.00161704
59	0.0045761	0.0327471	0.0831692	0.139732	0.18244	0.195031	0.171683	0.120122	0.05935	0.0111489
60	0.00515726	0.0366901	0.0920114	0.151473	0.192053	0.197204	0.16438	0.106688	0.0472009	0.00714156
61	1.68692e-08	7.1755e-06	0.000162142	0.00129003	0.00605215	0.0206048	0.0564517	0.131916	0.272197	0.511319
62	7.59241e-06	0.000425238	0.00332771	0.0128183	0.0342008	0.0723373	0.129183	0.200238	0.268451	0.279011
63	0.259736	0.237076	0.194706	0.141891	0.0899886	0.0481902	0.020708	0.00648367	0.00117837	4.16158e-05
64	2.56484e-10	8.05915e-07	4.95275e-05	0.000738908	0.0052994	0.0239292	0.0771564	0.187581	0.340546	0.364699
65	0.254815	0.23353	0.19348	0.14299	0.0925324	0.0509362	0.0227142	0.00748007	0.00146242	5.92807e-05
66	0.234182	0.218098	0.187064	0.146152	0.102436	0.062885	0.0324725	0.0130604	0.00341062	0.000239826
67	9.28014e-08	3.84385e-05	0.00082013	0.00594919	0.0244272	0.0692223	0.147794	0.244558	0.302491	0.204699
68	0.256491	0.234735	0.193892	0.14261	0.0916631	0.0500028	0.0220364	0.0071466	0.00136901	5.3769e-05
69	0.255092	0.233728	0.193544	0.142923	0.0923866	0.0507834	0.0226062	0.00742908	0.00144913	5.86517e-05
70	7.10867e-16	1.28758e-10	6.5903e-08	4.18863e-06	9.27647e-05	0.00108505	0.00825256	0.0459325	0.201166	0.743467
71	0.00782317	0.0542929	0.129074	0.195045	0.218715	0.189928	0.126415	0.0604108	0.017174	0.00112251
72	2.88451e-08	1.22686e-05	0.000276847	0.00219073	0.0101347	0.0334996	0.0868026	0.18342	0.313905	0.369758
73	2.60602e-05	0.00142178	0.0105134	0.036969	0.0864866	0.152665	0.213267	0.235363	0.190728	0.0725599
74	3.51754e-07	0.000141333	0.00282426	0.0184431	0.0651261	0.150204	0.243128	0.275815	0.197384	0.046934
75	2.23362e-05	0.0012237	0.00913034	0.0325698	0.0777734	0.141157	0.204636	0.237393	0.206528	0.0895657
76	0.254892	0.23359	0.193509	0.142984	0.0924982	0.0508894	0.0226721	0.00745388	0.00145263	5.83613e-05
77	0.254821	0.23354	0.193493	0.143003	0.0925364	0.0509284	0.0226988	0.00746585	0.00145543	5.84408e-05
78	2.17199e-05	0.00119004	0.00888126	0.0317001	0.0757965	0.137942	0.20105	0.235736	0.209854	0.097829
79	2.45225e-10	7.70553e-07	4.73587e-05	0.000706751	0.00507236	0.0229402	0.0742152	0.18171	0.335297	0.38001
80	0.254415	0.233248	0.193394	0.143096	0.0927478	0.0511545	0.0228621	0.00754543	0.00147728	5.9644e-05
81	0.21864	0.205912	0.180912	0.146901	0.108809	0.0720229	0.0411459	0.0189872	0.00604884	0.000621455
82	0.00796198	0.0551951	0.130903	0.197032	0.219665	0.189188	0.124455	0.0584557	0.0161569	0.000988255
83	0.00367976	0.02658	0.0688844	0.119572	0.163678	0.186815	0.179871	0.142628	0.0849941	0.0232983
84	7.20467e-06	0.000403869	0.00316638	0.0122337	0.0327843	0.0697654	0.12564	0.197062	0.268957	0.28998
85	0.254731	0.233474	0.193468	0.143019	0.0925811	0.0509797	0.0227385	0.00748713	0.00146214	5.89419e-05
86	2.25277e-05	0.0012337	0.0091971	0.0327652	0.0781043	0.141459	0.204593	0.236824	0.205854	0.0899469
87	0.254811	0.233527	0.193478	0.142991	0.0925347	0.0509391	0.0227164	0.00748132	0.00146281	5.93063e-05
88	2.80362e-05	0.00152487	0.0112023	0.0389956	0.0899902	0.156172	0.213918	0.231316	0.184658	0.0721944
89	0.00476437	0.0340302	0.0860765	0.143668	0.185798	0.196016	0.169457	0.115609	0.0550034	0.00957623
90	0.00761238	0.0529249	0.12631	0.192066	0.217331	0.191098	0.12938	0.0633149	0.0186517	0.00131058
91	6.4054e-06	0.000359778	0.00283281	0.0110206	0.0298287	0.064351	0.118068	0.190027	0.269513	0.313993
92	0.258653	0.236294	0.194433	0.142129	0.0905465	0.0487961	0.0211536	0.00670703	0.00124305	4.5803e-05
93	9.85989e-17	1.82648e-11	9.81191e-09	6.73921e-07	1.66822e-05	0.000227182	0.00212101	0.0156407	0.103669	0.878325
94	4.11196e-16	7.50028e-11	3.89694e-08	2.53654e-06	5.81039e-05	0.00071112	0.00574137	0.0346141	0.170035	0.788837
95	0.255412	0.233963	0.193636	0.142865	0.0922277	0.0506001	0.022463	0.00735176	0.00142439	5.67597e-05
96	0.177477	0.171381	0.158941	0.140825	0.118338	0.093242	0.0675674	0.0433946	0.0226165	0.0062178
97	0.25432	0.233181	0.193373	0.14312	0.0927985	0.0512067	0.022898	0.00756173	0.00148118	5.97682e-05
98	0.00700718	0.0489866	0.118303	0.183315	0.213067	0.19425	0.137964	0.0719749	0.0232078	0.00192585
99	3.91711e-10	1.22168e-06	7.38853e-05	0.00107446	0.0074301	0.0319372	0.0964765	0.215073	0.346207	0.301726
100	2.47786e-05	0.0013532	0.010028	0.0353889	0.0832378	0.148091	0.209282	0.23512	0.196494	0.0809803
101	5.61095e-11	1.79845e-07	1.15375e-05	0.000184478	0.00146255	0.00758531	0.0295581	0.0936229	0.253055	0.61452
102	4.39498e-05	0.00234865	0.0166272	0.0546863	0.116952	0.184627	0.225868	0.21358	0.143842	0.0414253
103	0.00764882	0.0531668	0.126825	0.192682	0.217718	0.191002	0.128835	0.0626487	0.0182348	0.00123912

*** RUNNING MODEL 8 (Beta & w) ***
######################################

>Done in 915 seconds 

-2523.716799977

------------------------------------------------

dN/dS = 0.164225 (sample variance = 0.157159)

Rate[1]=  0.00086416 (weight=0.0999258)
Rate[2]=  0.00634923 (weight=0.0999258)
Rate[3]=  0.01792918 (weight=0.0999258)
Rate[4]=  0.03635439 (weight=0.0999258)
Rate[5]=  0.06278602 (weight=0.0999258)
Rate[6]=  0.09912061 (weight=0.0999258)
Rate[7]=  0.14865064 (weight=0.0999258)
Rate[8]=  0.21777024 (weight=0.0999258)
Rate[9]=  0.32196556 (weight=0.0999258)
Rate[10]=  0.63532903 (weight=0.0999258)
Rate[11]= 12.97699673 (weight=0.0007419)

------------------------------------------------

 Sites with dN/dS>1 (Posterior cutoff = 0.5)



------------------------------------------------

 Sites with dN/dS<=1 (Posterior cutoff = 0.5)

1 (4.92526e-26)
2 (6.19048e-23)
3 (8.4702e-28)
4 (1.3094e-22)
5 (2.34689e-22)
6 (2.73133e-30)
7 (6.97484e-23)
8 (7.58778e-23)
9 (5.18635e-21)
10 (6.23207e-14)
11 (7.13169e-19)
12 (4.49183e-20)
13 (2.50487e-20)
14 (2.81926e-22)
15 (2.91003e-22)
16 (8.66978e-22)
17 (2.78661e-15)
18 (9.79965e-23)
19 (2.59657e-20)
20 (8.88816e-17)
21 (1.13843e-20)
22 (1.09332e-17)
23 (1.00066e-20)
24 (3.54046e-23)
25 (4.28257e-16)
26 (2.92905e-20)
27 (3.34627e-19)
28 (4.09162e-13)
29 (7.71528e-13)
30 (1.89427e-16)
31 (4.01411e-17)
32 (1.66808e-21)
33 (6.52763e-23)
34 (2.80045e-20)
35 (2.83826e-18)
36 (1.30436e-22)
37 (4.00234e-22)
38 (7.66604e-14)
39 (1.57513e-08)
40 (2.21996e-16)
41 (7.10117e-10)
42 (6.29513e-15)
43 (1.60273e-20)
44 (5.32641e-18)
45 (8.73654e-20)
46 (1.2355e-21)
47 (3.06576e-09)
48 (6.28129e-16)
49 (7.41923e-21)
50 (7.07172e-23)
51 (2.07919e-20)
52 (7.76794e-17)
53 (3.6069e-21)
54 (1.78631e-21)
55 (5.32423e-15)
56 (3.54046e-23)
57 (1.30436e-22)
58 (1.10641e-18)
59 (7.22333e-18)
60 (1.27283e-17)
61 (1.56771e-10)
62 (1.28571e-12)
63 (3.29481e-22)
64 (5.7593e-22)
65 (1.16785e-22)
66 (5.15172e-25)
67 (2.94806e-13)
68 (8.30743e-22)
69 (2.3972e-22)
70 (4.23684e-15)
71 (8.42329e-20)
72 (1.12255e-12)
73 (2.71701e-18)
74 (2.9981e-15)
75 (5.97618e-15)
76 (1.43156e-22)
77 (1.49044e-22)
78 (5.68925e-14)
79 (1.67079e-13)
80 (7.37925e-23)
81 (2.26275e-22)
82 (6.9368e-20)
83 (6.43301e-19)
84 (1.03174e-12)
85 (1.52974e-22)
86 (4.55366e-17)
87 (1.09656e-22)
88 (1.41726e-14)
89 (5.12892e-20)
90 (1.40928e-19)
91 (9.1157e-12)
92 (1.35729e-21)
93 (3.93137e-07)
94 (4.94274e-10)
95 (8.56681e-22)
96 (2.60485e-18)
97 (3.54046e-23)
98 (1.28021e-18)
99 (3.08144e-13)
100 (4.58261e-16)
101 (9.99525e-12)
102 (2.95865e-13)
103 (1.881e-20)


------------------------------------------------

Tabulated Posteriors for Each Site
Sites in Columns, Rate Classes in Rows
Import the following part into a data processing program
for further analysis


Rate/Site	Rate=0.000864159	Rate=0.00634923	Rate=0.0179292	Rate=0.0363544	Rate=0.062786	Rate=0.0991206	Rate=0.148651	Rate=0.21777	Rate=0.321966	Rate=0.635329	Rate=12.977
1	0.191341	0.183155	0.167012	0.144224	0.116879	0.0875823	0.0591476	0.0342545	0.0150887	0.00131611	4.92526e-26
2	0.229886	0.214258	0.184715	0.145979	0.104315	0.0659211	0.0354612	0.0150897	0.00426213	0.00011293	6.19048e-23
3	0.185674	0.17835	0.163827	0.143127	0.117932	0.0903999	0.0629528	0.0380348	0.0178385	0.00186381	8.4702e-28
4	0.147377	0.144523	0.138678	0.129862	0.118188	0.103837	0.0870448	0.0680606	0.0469846	0.0154464	1.3094e-22
5	0.25379	0.232118	0.192322	0.142728	0.0932544	0.0521725	0.0238302	0.00811116	0.0016554	1.80883e-05	2.34689e-22
6	0.196867	0.187802	0.170016	0.145136	0.115686	0.0847304	0.0554595	0.0307386	0.0126651	0.00089971	2.73133e-30
7	0.00897219	0.0598451	0.137833	0.202269	0.220141	0.184962	0.1183	0.053552	0.0139357	0.000189565	6.97484e-23
8	0.251566	0.230517	0.191749	0.143185	0.0943709	0.0534143	0.0247711	0.00860135	0.00180389	2.09452e-05	7.58778e-23
9	0.219291	0.205987	0.180524	0.146414	0.108542	0.0720882	0.0414351	0.0192859	0.00619956	0.000233373	5.18635e-21
10	1.63335e-05	0.000849067	0.00625244	0.0226532	0.0563853	0.109683	0.176262	0.237411	0.258976	0.131512	6.23207e-14
11	0.230943	0.215088	0.185141	0.145944	0.103894	0.0652976	0.0348532	0.0146644	0.00407157	0.000103458	7.13169e-19
12	0.00788331	0.0530581	0.124549	0.188392	0.214141	0.190995	0.132525	0.0672171	0.0207654	0.000473156	4.49183e-20
13	0.00477845	0.0331148	0.0826675	0.137842	0.180011	0.193931	0.173439	0.124459	0.0638344	0.00592259	2.50487e-20
14	0.252235	0.230995	0.191912	0.143037	0.0940293	0.0530437	0.0244978	0.00846443	0.00176513	2.04105e-05	2.81926e-22
15	0.202597	0.192502	0.172831	0.145639	0.114009	0.0815387	0.0517662	0.0275988	0.0108153	0.000703207	2.91003e-22
16	0.25234	0.231062	0.191921	0.142996	0.0939669	0.0529914	0.024472	0.00846064	0.00176867	2.08138e-05	8.66978e-22
17	1.94873e-05	0.00100825	0.00735196	0.0262302	0.0639009	0.120818	0.187139	0.240308	0.245733	0.107492	2.78661e-15
18	0.251534	0.230495	0.191742	0.143194	0.0943878	0.0534317	0.0247831	0.0086068	0.00180515	2.09415e-05	9.79965e-23
19	0.00777918	0.052404	0.123245	0.186977	0.213441	0.191486	0.13392	0.0686711	0.0215619	0.000515027	2.59657e-20
20	0.00491666	0.0340232	0.0846763	0.140512	0.182245	0.194525	0.171831	0.12126	0.0607182	0.00529113	8.88816e-17
21	0.00534232	0.0368055	0.0907531	0.148408	0.188545	0.195722	0.16662	0.111885	0.0521742	0.00374577	1.13843e-20
22	0.00511502	0.0353249	0.0875447	0.144301	0.185374	0.195294	0.169489	0.116733	0.0563892	0.00443556	1.09332e-17
23	0.00476397	0.0330239	0.0824879	0.137659	0.179961	0.194099	0.173756	0.124705	0.0637968	0.00574743	1.00066e-20
24	0.25142	0.230413	0.191715	0.14322	0.0944468	0.053495	0.0248292	0.00862936	0.00181122	2.09927e-05	3.54046e-23
25	2.77484e-05	0.00142315	0.010187	0.0352902	0.0824166	0.147045	0.210515	0.242437	0.211126	0.0595311	4.28257e-16
26	0.00772098	0.0520392	0.122521	0.186201	0.213073	0.191778	0.134697	0.0694579	0.0219777	0.000534264	2.92905e-20
27	0.00711805	0.0482393	0.114889	0.177788	0.208699	0.19438	0.142837	0.0782462	0.0269809	0.000823481	3.34627e-19
28	1.14892e-05	0.000601013	0.00448519	0.0166015	0.0426249	0.0865901	0.147808	0.217087	0.271122	0.213068	4.09162e-13
29	1.9392e-05	0.00100287	0.00730603	0.0260318	0.0633152	0.119514	0.184926	0.237713	0.24495	0.115221	7.71528e-13
30	0.00619703	0.0423494	0.102652	0.163357	0.199592	0.196375	0.155434	0.0943584	0.0378929	0.00179236	1.89427e-16
31	3.67333e-05	0.00186961	0.0131684	0.0444602	0.100065	0.169663	0.226514	0.236421	0.177027	0.0307752	4.01411e-17
32	0.205108	0.19454	0.174013	0.145788	0.113211	0.0801186	0.0501869	0.0263092	0.0100917	0.000633169	1.66808e-21
33	0.251641	0.230569	0.191765	0.143166	0.0943314	0.0533737	0.024743	0.00858859	0.00180095	2.09548e-05	6.52763e-23
34	0.00781577	0.0526348	0.12371	0.187494	0.213716	0.191336	0.133427	0.0681276	0.0212446	0.000495047	2.80045e-20
35	0.00308345	0.0217763	0.0565718	0.100482	0.143605	0.174971	0.184745	0.166563	0.119557	0.0286444	2.83826e-18
36	0.251792	0.230676	0.191799	0.14313	0.0942527	0.0532909	0.0246841	0.0085607	0.00179388	2.09246e-05	1.30436e-22
37	0.251849	0.230717	0.191814	0.143119	0.0942247	0.0532587	0.024659	0.00854709	0.00178957	2.084e-05	4.00234e-22
38	1.50015e-07	5.62485e-05	0.00112506	0.00777113	0.030594	0.0833311	0.17082	0.269804	0.313343	0.123156	7.66604e-14
39	2.66764e-13	5.48985e-09	9.06741e-07	2.72191e-05	0.000345983	0.00261742	0.0139718	0.0579833	0.198768	0.726286	1.57513e-08
40	0.00475176	0.0329149	0.0821003	0.136767	0.17851	0.192479	0.172873	0.125557	0.0665017	0.00754377	2.21996e-16
41	1.53702e-15	2.29282e-10	1.03936e-07	6.04734e-06	0.000124487	0.00136205	0.00969023	0.0501111	0.200234	0.738472	7.10117e-10
42	3.88554e-10	1.07345e-06	6.09928e-05	0.000862408	0.00594438	0.0260474	0.0821697	0.197162	0.35784	0.329913	6.29513e-15
43	0.20638	0.195581	0.174632	0.145895	0.11284	0.079419	0.0493808	0.0256207	0.00967476	0.000577107	1.60273e-20
44	0.00398797	0.027877	0.0708696	0.121616	0.165434	0.188346	0.181329	0.14378	0.0851493	0.011611	5.32641e-18
45	0.00787413	0.052998	0.124417	0.188223	0.214013	0.190989	0.13266	0.0674213	0.020918	0.000487541	8.73654e-20
46	0.253303	0.231763	0.192187	0.142818	0.0934938	0.0524478	0.024046	0.00822868	0.00169349	1.90196e-05	1.2355e-21
47	3.97701e-20	3.12711e-13	1.0749e-09	2.37377e-07	1.29994e-05	0.000303081	0.00392249	0.0324798	0.183977	0.779305	3.06576e-09
48	4.18572e-10	1.15552e-06	6.55512e-05	0.000924449	0.00634728	0.0276566	0.0865307	0.20503	0.364235	0.309209	6.28129e-16
49	0.0077948	0.0525048	0.123458	0.187238	0.213618	0.191467	0.1337	0.0683712	0.0213521	0.000496812	7.41923e-21
50	0.251571	0.23052	0.191749	0.143183	0.094368	0.0534121	0.0247702	0.00860134	0.00180411	2.09624e-05	7.07172e-23
51	0.187856	0.180148	0.164917	0.143339	0.117302	0.0891659	0.0615026	0.0367952	0.017131	0.00184296	2.07919e-20
52	0.00383347	0.0268397	0.0684633	0.118125	0.161954	0.186422	0.182246	0.147723	0.0905595	0.0138347	7.76794e-17
53	0.0077586	0.0522785	0.123012	0.186766	0.213406	0.191662	0.134181	0.0688411	0.0215889	0.00050588	3.6069e-21
54	0.252969	0.231516	0.192085	0.142869	0.0936522	0.0526399	0.0242043	0.00832012	0.00172551	1.9939e-05	1.78631e-21
55	3.17906e-05	0.00162506	0.0115507	0.0395649	0.0908965	0.158493	0.219716	0.241447	0.194932	0.0417431	5.32423e-15
56	0.25142	0.230413	0.191715	0.14322	0.0944468	0.053495	0.0248292	0.00862936	0.00181122	2.09927e-05	3.54046e-23
57	0.251792	0.230676	0.191799	0.14313	0.0942527	0.0532909	0.0246841	0.0085607	0.00179388	2.09246e-05	1.30436e-22
58	0.200239	0.19053	0.171578	0.145291	0.114556	0.0827692	0.0533181	0.0290478	0.0117965	0.000874771	1.10641e-18
59	0.00472548	0.0327662	0.0818943	0.136809	0.179138	0.193686	0.174051	0.125703	0.0650575	0.00616993	7.22333e-18
60	0.00530827	0.0365909	0.0903241	0.147945	0.188339	0.195946	0.167159	0.112382	0.0523281	0.00367729	1.27283e-17
61	1.89374e-08	7.33355e-06	0.000157014	0.00120834	0.00555239	0.0186878	0.0510319	0.119876	0.251381	0.552099	1.56771e-10
62	8.62293e-06	0.00045365	0.00342618	0.0129229	0.0340756	0.0717503	0.128436	0.20104	0.274841	0.273045	1.28571e-12
63	0.256817	0.234294	0.193094	0.142098	0.0917331	0.0504875	0.0225577	0.00744964	0.00145464	1.40634e-05	3.29481e-22
64	3.33381e-10	9.24213e-07	5.28928e-05	0.000756314	0.0052948	0.0236773	0.0766361	0.189828	0.358144	0.34561	5.7593e-22
65	0.251913	0.230761	0.191826	0.1431	0.0941892	0.0532246	0.0246374	0.00853888	0.00178851	2.0905e-05	1.16785e-22
66	0.231369	0.215404	0.185274	0.145883	0.103696	0.0650555	0.0346507	0.0145432	0.00402443	0.000100757	5.15172e-25
67	1.12939e-07	4.25845e-05	0.000861867	0.00606569	0.0245272	0.0692954	0.14926	0.25247	0.32477	0.172707	2.94806e-13
68	0.253583	0.231962	0.192253	0.142753	0.0933498	0.0522939	0.0239343	0.00817383	0.00167841	1.88197e-05	8.30743e-22
69	0.252189	0.230958	0.191892	0.143039	0.0940486	0.0530723	0.0245254	0.00848293	0.00177274	2.06936e-05	2.3972e-22
70	8.12773e-16	1.22035e-10	5.60873e-08	3.33609e-06	7.08992e-05	0.000810752	0.00612803	0.0344795	0.156079	0.802428	4.23684e-15
71	0.00800085	0.053792	0.125991	0.189912	0.214817	0.190359	0.130976	0.0657084	0.0200025	0.000441343	8.42329e-20
72	3.5137e-08	1.36044e-05	0.000290823	0.0022259	0.0100907	0.0330277	0.0856063	0.183068	0.322187	0.36349	1.12255e-12
73	2.91563e-05	0.00149394	0.0106721	0.0368479	0.0856274	0.151667	0.214797	0.243181	0.205346	0.0503378	2.71701e-18
74	4.08475e-07	0.000149374	0.00283447	0.018014	0.0629989	0.146119	0.241545	0.284743	0.216493	0.027103	2.9981e-15
75	2.51004e-05	0.00129159	0.00930927	0.0325984	0.0772789	0.140618	0.206417	0.245264	0.221934	0.0652645	5.97618e-15
76	0.25199	0.230821	0.191855	0.143096	0.0941567	0.0531786	0.0245945	0.00851092	0.00177733	2.05076e-05	1.43156e-22
77	0.251918	0.230771	0.191839	0.143113	0.0941938	0.0532177	0.0246224	0.00852421	0.00178073	2.05239e-05	1.49044e-22
78	2.44815e-05	0.00125979	0.00908126	0.0318131	0.0754936	0.137673	0.203009	0.243448	0.224793	0.0734041	5.68925e-14
79	3.16222e-10	8.76667e-07	5.01769e-05	0.000717687	0.00502786	0.0225175	0.0731098	0.18228	0.349083	0.367214	1.67079e-13
80	0.251514	0.23048	0.191737	0.143198	0.0943977	0.0534429	0.0247917	0.00861133	0.00180652	2.0963e-05	7.37925e-23
81	0.216021	0.203384	0.179112	0.146393	0.109726	0.073974	0.0433856	0.0207606	0.00695083	0.000293529	2.26275e-22
82	0.00814289	0.0546853	0.127776	0.19186	0.2158	0.189716	0.129074	0.0636924	0.0188745	0.000378461	6.9368e-20
83	0.00382828	0.0267957	0.0683146	0.11779	0.161404	0.18578	0.181832	0.14795	0.0915968	0.0147081	6.43301e-19
84	8.16814e-06	0.000430092	0.00325416	0.0123096	0.0325942	0.0690284	0.124547	0.19714	0.274116	0.286572	1.03174e-12
85	0.25183	0.230705	0.191813	0.143127	0.0942366	0.0532684	0.0246633	0.00854722	0.0017885	2.07287e-05	1.52974e-22
86	2.52975e-05	0.00130122	0.00937109	0.0327746	0.0775707	0.140871	0.206336	0.244658	0.221175	0.0659168	4.55366e-17
87	0.251908	0.230758	0.191824	0.143101	0.0941915	0.0532274	0.0246397	0.00854022	0.00178896	2.09144e-05	1.09656e-22
88	3.13108e-05	0.00159935	0.0113518	0.0388114	0.0890057	0.155076	0.215449	0.238987	0.198485	0.0512033	1.41726e-14
89	0.00491334	0.0340046	0.0846514	0.14052	0.182325	0.194669	0.171958	0.121253	0.060538	0.00516677	5.12892e-20
90	0.00778717	0.0524502	0.123318	0.187014	0.213389	0.191369	0.133832	0.0686809	0.0216317	0.000528096	1.40928e-19
91	7.21361e-06	0.000380598	0.00289194	0.0110135	0.0294453	0.0631896	0.116075	0.188351	0.271784	0.316862	9.1157e-12
92	0.255738	0.233515	0.192812	0.142314	0.0922714	0.0510908	0.023019	0.00769333	0.00153043	1.57101e-05	1.35729e-21
93	8.52181e-17	1.30858e-11	6.30541e-09	4.04173e-07	9.55391e-06	0.00012626	0.0011593	0.00851957	0.0572316	0.932953	3.93137e-07
94	4.39504e-16	6.64484e-11	3.09858e-08	1.88542e-06	4.13683e-05	0.000493665	0.00394673	0.0239397	0.120775	0.850801	4.94274e-10
95	0.252506	0.231192	0.191986	0.142987	0.0938961	0.0528907	0.0243781	0.00839931	0.00174408	1.99142e-05	8.56681e-22
96	0.175653	0.169607	0.157545	0.140165	0.118647	0.0945326	0.0695914	0.0456687	0.0245102	0.00407991	2.60485e-18
97	0.25142	0.230413	0.191715	0.14322	0.0944468	0.053495	0.0248292	0.00862936	0.00181122	2.09927e-05	3.54046e-23
98	0.00717116	0.0485712	0.115541	0.178475	0.208998	0.194077	0.14212	0.0775656	0.0266618	0.000818881	1.28021e-18
99	5.10259e-10	1.40402e-06	7.91005e-05	0.00110341	0.00745915	0.031822	0.0967846	0.220662	0.370757	0.271331	3.08144e-13
100	2.77941e-05	0.00142555	0.010205	0.0353569	0.0825851	0.147368	0.210986	0.242878	0.211065	0.0581021	4.58261e-16
101	6.32405e-11	1.78865e-07	1.06786e-05	0.00016332	0.00125921	0.00642975	0.0249363	0.0795035	0.219514	0.668183	9.99525e-12
102	4.82155e-05	0.00241979	0.0165647	0.0536166	0.114314	0.181951	0.226922	0.221412	0.156284	0.0264683	2.95865e-13
103	0.00782441	0.0526893	0.123819	0.187613	0.213776	0.191296	0.133309	0.068004	0.0211781	0.000492232	1.881e-20
