
*** RUNNING MODEL 7 (Beta) ***
######################################

>Done in 344 seconds 

-938.103826393083

------------------------------------------------

dN/dS = 0.125609 (sample variance = 0.0306809)

Rate[1]=  0.00003687 (weight=0.1000000)
Rate[2]=  0.00074052 (weight=0.1000000)
Rate[3]=  0.00385635 (weight=0.1000000)
Rate[4]=  0.01186915 (weight=0.1000000)
Rate[5]=  0.02794958 (weight=0.1000000)
Rate[6]=  0.05627511 (weight=0.1000000)
Rate[7]=  0.10289159 (weight=0.1000000)
Rate[8]=  0.17797073 (weight=0.1000000)
Rate[9]=  0.30337889 (weight=0.1000000)
Rate[10]=  0.57112369 (weight=0.1000000)

------------------------------------------------

 No rate classes with dN/dS>1.

------------------------------------------------

Tabulated Posteriors for Each Site
Sites in Columns, Rate Classes in Rows
Import the following part into a data processing program
for further analysis


Rate/Site	Rate=3.68714e-05	Rate=0.000740519	Rate=0.00385635	Rate=0.0118692	Rate=0.0279496	Rate=0.0562751	Rate=0.102892	Rate=0.177971	Rate=0.303379	Rate=0.571124
1	0.192628	0.190649	0.18213	0.161943	0.127975	0.0846294	0.0429839	0.0145576	0.00244351	6.01647e-05
2	0.184862	0.183221	0.176133	0.159154	0.129919	0.0910078	0.0508784	0.0201746	0.00444656	0.000203521
3	0.197238	0.195021	0.1855	0.163128	0.126142	0.0804081	0.0386073	0.0120797	0.00183415	4.18277e-05
4	0.000272083	0.00542068	0.0272415	0.0765222	0.150126	0.219735	0.239496	0.183684	0.0850626	0.01244
5	0.176165	0.174838	0.169086	0.15518	0.130748	0.0969768	0.0597955	0.0280349	0.00837806	0.0007975
6	0.180042	0.178572	0.172212	0.156914	0.130322	0.0942752	0.0558409	0.0246063	0.00668084	0.000533827
7	0.000241201	0.00480855	0.0242355	0.0685933	0.136659	0.205703	0.235329	0.196248	0.105924	0.0222582
8	0.177173	0.175809	0.1699	0.155635	0.130641	0.0962683	0.0587484	0.0271282	0.00794871	0.000748853
9	0.000194114	0.00387532	0.0196544	0.0565214	0.116202	0.184523	0.229349	0.215728	0.137535	0.0364194
10	8.66007e-24	5.64468e-16	1.09237e-11	8.59371e-09	1.25509e-06	6.38004e-05	0.00153618	0.0205962	0.165978	0.811825
11	1.11195e-11	8.94516e-08	1.22483e-05	0.000329877	0.00367675	0.0227734	0.0890824	0.229236	0.37275	0.282139
12	0.000279766	0.00557264	0.0279805	0.0784218	0.153171	0.222486	0.239572	0.180344	0.0810495	0.011124
13	0.00028838	0.00574314	0.0288129	0.0805826	0.156707	0.22583	0.239894	0.176462	0.0761274	0.00955219
14	0.170303	0.169173	0.164264	0.152311	0.130981	0.100659	0.0657054	0.0336442	0.0115383	0.00142084
15	2.23964e-15	3.61548e-10	2.5685e-07	2.10877e-05	0.0005428	0.00653644	0.0440385	0.176988	0.406756	0.365117
16	0.19677	0.194576	0.185155	0.163	0.126317	0.0808289	0.0390554	0.0123454	0.0019069	4.51135e-05
17	0.188778	0.186969	0.179164	0.160579	0.128968	0.0878168	0.0468949	0.0173062	0.00339973	0.000123767
18	1.71099e-11	1.37531e-07	1.87642e-05	0.000500678	0.00547514	0.0327571	0.120681	0.280046	0.377226	0.183296
19	0.160317	0.159478	0.155818	0.146802	0.130312	0.105799	0.0753953	0.0441616	0.0186085	0.00330806
20	0.00030217	0.00601636	0.0301517	0.0840924	0.162574	0.231661	0.240951	0.170198	0.0674367	0.0066167
21	0.192909	0.19091	0.182308	0.161947	0.127764	0.0843081	0.0427618	0.0145321	0.00249085	6.81645e-05
22	0.190525	0.188637	0.180502	0.161179	0.12849	0.0863541	0.0451349	0.0160939	0.00298669	9.64832e-05
23	1.75729e-15	2.83766e-10	2.01865e-07	1.66326e-05	0.000431398	0.00527241	0.0365212	0.154483	0.389581	0.413694
24	0.000287595	0.00572581	0.0286892	0.0800002	0.154874	0.222368	0.237142	0.17871	0.0815805	0.0106227
25	8.19884e-34	2.51326e-23	2.14516e-17	3.15363e-13	4.98301e-10	1.84501e-07	2.4347e-05	0.0014637	0.0466506	0.951861
26	2.48126e-11	1.99237e-07	2.70575e-05	0.000713437	0.00761881	0.0437328	0.150656	0.314626	0.357955	0.124671
27	6.17287e-08	2.47337e-05	0.000651284	0.00572038	0.0272771	0.0849903	0.185564	0.284777	0.285071	0.125924
28	2.97828e-15	4.80425e-10	3.40169e-07	2.76912e-05	0.000700786	0.00819511	0.0527099	0.197726	0.412675	0.327965
29	0.191301	0.189377	0.181092	0.161433	0.12826	0.085692	0.0443601	0.0155784	0.00282037	8.66916e-05
30	0.193596	0.191543	0.182719	0.161899	0.127169	0.0834704	0.0422515	0.0145668	0.0026828	0.000102544
31	0.190828	0.188926	0.18073	0.161272	0.128391	0.0860894	0.0448357	0.0159037	0.00292983	9.36987e-05
32	1.25344e-07	5.00953e-05	0.00130428	0.0111279	0.0500609	0.140802	0.259916	0.305015	0.196458	0.0352648
33	1.20109e-07	4.80182e-05	0.00125194	0.0107188	0.0485447	0.138014	0.258574	0.308479	0.200301	0.0340688
34	0.187614	0.185843	0.178208	0.160018	0.129042	0.0886056	0.0481311	0.0184162	0.00393393	0.000187446
35	0.183498	0.181894	0.174963	0.158366	0.129792	0.0917303	0.0523118	0.0217165	0.00536638	0.000362009
36	0.184187	0.182563	0.175549	0.158753	0.129841	0.0913562	0.0515968	0.0209598	0.00491404	0.000280038
37	0.188432	0.186641	0.178912	0.160492	0.12911	0.0881411	0.0472287	0.017487	0.00343425	0.000122171
38	0.187013	0.18528	0.177803	0.15995	0.129417	0.0892678	0.048681	0.0185738	0.00385557	0.000158551
39	0.198586	0.196298	0.186483	0.163468	0.125602	0.0791782	0.0373397	0.0113604	0.00165063	3.46928e-05
40	0.188175	0.186393	0.178705	0.160378	0.129143	0.0883287	0.0474993	0.0177131	0.00353378	0.000132109
41	0.000300038	0.00597464	0.0299588	0.0836662	0.162149	0.231887	0.24212	0.171148	0.0668476	0.00594948

*** RUNNING MODEL 8 (Beta & w) ***
######################################

>Done in 751 seconds 

-937.925367724162

------------------------------------------------

dN/dS = 0.126543 (sample variance = 0.0438304)

Rate[1]=  0.00015396 (weight=0.0962633)
Rate[2]=  0.00169559 (weight=0.0962633)
Rate[3]=  0.00611131 (weight=0.0962633)
Rate[4]=  0.01463200 (weight=0.0962633)
Rate[5]=  0.02864637 (weight=0.0962633)
Rate[6]=  0.05007226 (weight=0.0962633)
Rate[7]=  0.08201612 (weight=0.0962633)
Rate[8]=  0.13043276 (weight=0.0962633)
Rate[9]=  0.21007983 (weight=0.0962633)
Rate[10]=  0.40253735 (weight=0.0962633)
Rate[11]=  1.00000000 (weight=0.0373669)

------------------------------------------------

 Sites with dN/dS>1 (Posterior cutoff = 0.5)

25 (0.857219)


------------------------------------------------

 Sites with dN/dS<=1 (Posterior cutoff = 0.5)

1 (8.70735e-08)
2 (8.73728e-07)
3 (7.92568e-08)
4 (0.000217454)
5 (1.23919e-05)
6 (6.70969e-06)
7 (0.000712204)
8 (1.24977e-05)
9 (0.00138854)
10 (0.488232)
11 (0.0326113)
12 (0.000182799)
13 (0.000135919)
14 (3.04577e-05)
15 (0.0347922)
16 (9.06091e-08)
17 (3.83163e-07)
18 (0.00967573)
19 (0.000106936)
20 (5.58276e-05)
21 (1.36976e-07)
22 (2.48748e-07)
23 (0.0428715)
24 (0.000107948)
26 (0.00404843)
27 (0.00860371)
28 (0.0303358)
29 (2.08686e-07)
30 (5.1172e-07)
31 (2.40979e-07)
32 (0.000623773)
33 (0.000480716)
34 (1.09256e-06)
35 (3.86626e-06)
36 (2.13467e-06)
37 (3.44575e-07)
38 (6.14576e-07)
39 (5.97586e-08)
40 (4.23821e-07)
41 (3.58886e-05)


------------------------------------------------

Tabulated Posteriors for Each Site
Sites in Columns, Rate Classes in Rows
Import the following part into a data processing program
for further analysis


Rate/Site	Rate=0.000153963	Rate=0.00169559	Rate=0.00611131	Rate=0.014632	Rate=0.0286464	Rate=0.0500723	Rate=0.0820161	Rate=0.130433	Rate=0.21008	Rate=0.402537	Rate=1
1	0.186904	0.182732	0.171294	0.151222	0.123228	0.0901746	0.0566953	0.0281593	0.00899046	0.000599419	8.70735e-08
2	0.17824	0.174802	0.165321	0.148474	0.124465	0.0951349	0.0638638	0.0350781	0.0132633	0.00135633	8.73728e-07
3	0.192103	0.187415	0.174621	0.152383	0.121877	0.0867544	0.0524511	0.0246688	0.00729324	0.000432146	7.92568e-08
4	0.000967475	0.0104689	0.035879	0.0779659	0.130229	0.178857	0.205237	0.191932	0.131975	0.0362697	0.000217454
5	0.168852	0.166086	0.15842	0.144652	0.124654	0.0994694	0.0713354	0.0434942	0.0197353	0.00328957	1.23919e-05
6	0.172981	0.169913	0.161435	0.146294	0.124521	0.097523	0.0680483	0.0398455	0.0169677	0.00246482	6.70969e-06
7	0.000869677	0.00942397	0.0324297	0.0710321	0.120235	0.16861	0.199824	0.196741	0.148144	0.0519788	0.000712204
8	0.169986	0.167138	0.159251	0.145108	0.124622	0.0989336	0.0704211	0.0424742	0.0189685	0.00308511	1.24977e-05
9	0.000711687	0.00773616	0.0268606	0.0598476	0.104141	0.152173	0.19127	0.204721	0.174312	0.076839	0.00138854
10	5.28813e-20	9.29554e-14	1.95279e-10	3.38897e-08	1.66857e-06	3.88078e-05	0.000554539	0.00572159	0.0484974	0.456954	0.488232
11	8.92079e-10	1.17346e-06	5.25874e-05	0.000663421	0.0043372	0.0187936	0.0607109	0.154516	0.310984	0.417329	0.0326113
12	0.000988207	0.0106893	0.0365963	0.0793661	0.132141	0.18061	0.205811	0.190529	0.128943	0.0341434	0.000182799
13	0.00101804	0.0110072	0.0376365	0.0814201	0.135002	0.183334	0.206862	0.188556	0.124259	0.0307694	0.000135919
14	0.162609	0.160264	0.153739	0.141922	0.124505	0.102069	0.0761524	0.049222	0.0244869	0.00500038	3.04577e-05
15	7.74767e-13	1.12056e-08	1.80143e-06	5.39168e-05	0.000679659	0.00502664	0.0256386	0.0978755	0.285914	0.550017	0.0347922
16	0.191566	0.186931	0.174273	0.152256	0.122007	0.0870995	0.0528891	0.0250395	0.00748392	0.000455328	9.06091e-08
17	0.182595	0.17879	0.168332	0.149874	0.123869	0.092665	0.0602675	0.0315798	0.011074	0.000953023	3.83163e-07
18	1.29398e-09	1.6992e-06	7.57705e-05	0.000946681	0.0060895	0.025723	0.0798822	0.190909	0.343891	0.342806	0.00967573
19	0.152356	0.15062	0.14576	0.136839	0.123384	0.105423	0.0835517	0.0590078	0.0337021	0.00924926	0.000106936
20	0.00106184	0.0114748	0.0391761	0.0844966	0.13938	0.187686	0.208855	0.185888	0.116936	0.02499	5.58276e-05
21	0.187212	0.182999	0.171453	0.151219	0.123059	0.0899064	0.0564518	0.02805	0.00901808	0.000630961	1.36976e-07
22	0.184541	0.180567	0.169659	0.150462	0.123555	0.0915233	0.0586585	0.0300635	0.0101673	0.000802474	2.48748e-07
23	6.39152e-13	9.24891e-09	1.48912e-06	4.47062e-05	0.000566624	0.00422949	0.0219126	0.0859685	0.264414	0.579991	0.0428715
24	0.00101912	0.0110115	0.0375831	0.0810541	0.133867	0.181167	0.204409	0.188052	0.127707	0.034023	0.000107948
25	1.76265e-30	4.12865e-21	4.0329e-16	9.47789e-13	3.42495e-10	4.11124e-08	2.45209e-06	9.40256e-05	0.00291771	0.139767	0.857219
26	1.80228e-09	2.36131e-06	0.000104613	0.0012908	0.00813486	0.0333124	0.0988239	0.220623	0.356398	0.277262	0.00404843
27	1.04743e-06	0.000125206	0.00156022	0.00825595	0.0277601	0.0695352	0.139225	0.227783	0.294594	0.222556	0.00860371
28	1.0269e-12	1.48255e-08	2.3712e-06	7.02754e-05	0.000871797	0.0062944	0.0310065	0.112589	0.305331	0.513499	0.0303358
29	0.185408	0.181357	0.170244	0.150712	0.123399	0.0910022	0.0579418	0.0294045	0.00978698	0.000744361	2.08686e-07
30	0.187956	0.183632	0.171806	0.151153	0.122574	0.089203	0.0558678	0.0278619	0.00919125	0.000754286	5.1172e-07
31	0.18488	0.180875	0.169884	0.150554	0.123486	0.0913138	0.0583788	0.0298141	0.0100299	0.000783838	2.40979e-07
32	1.96529e-06	0.000233619	0.00286521	0.014703	0.0470053	0.109013	0.194646	0.267908	0.261385	0.101616	0.000623773
33	1.88511e-06	0.000224244	0.00275565	0.0141932	0.0456409	0.106728	0.192658	0.268735	0.26583	0.102752	0.000480716
34	0.181258	0.177545	0.167336	0.149306	0.123871	0.093273	0.0613538	0.0328247	0.0120249	0.0012057	1.09256e-06
35	0.176721	0.173367	0.164119	0.14769	0.124272	0.0956411	0.0650299	0.0366327	0.0146645	0.0018592	3.86626e-06
36	0.17744	0.174045	0.164686	0.148058	0.124361	0.0954013	0.0644824	0.0359045	0.0140047	0.00161413	2.13467e-06
37	0.182213	0.178446	0.168089	0.149791	0.123973	0.0929228	0.0605849	0.0318353	0.0111882	0.000956591	3.44575e-07
38	0.18064	0.177002	0.166988	0.14926	0.124155	0.0937869	0.06188	0.0331303	0.0120314	0.00112683	6.14576e-07
39	0.193637	0.188796	0.175599	0.152721	0.121475	0.0857477	0.0512081	0.023648	0.00679155	0.00037741	5.97586e-08
40	0.181907	0.178163	0.167867	0.149672	0.123988	0.0930743	0.0608356	0.0321072	0.0113831	0.00100231	4.23821e-07
41	0.00105376	0.0113906	0.0389183	0.0840592	0.138956	0.187646	0.209486	0.186931	0.117364	0.0241589	3.58886e-05
