
*** RUNNING MODEL 7 (Beta) ***
######################################

>Done in 248 seconds 

-1034.99763956909

------------------------------------------------

dN/dS = 0.0917814 (sample variance = 0.0310795)

Rate[1]=  0.00000000 (weight=0.1000000)
Rate[2]=  0.00000063 (weight=0.1000000)
Rate[3]=  0.00002121 (weight=0.1000000)
Rate[4]=  0.00024733 (weight=0.1000000)
Rate[5]=  0.00161979 (weight=0.1000000)
Rate[6]=  0.00740229 (weight=0.1000000)
Rate[7]=  0.02654588 (weight=0.1000000)
Rate[8]=  0.08043531 (weight=0.1000000)
Rate[9]=  0.21833358 (weight=0.1000000)
Rate[10]=  0.58320805 (weight=0.1000000)

------------------------------------------------

 No rate classes with dN/dS>1.

------------------------------------------------

Tabulated Posteriors for Each Site
Sites in Columns, Rate Classes in Rows
Import the following part into a data processing program
for further analysis


Rate/Site	Rate=1.49247e-09	Rate=6.32303e-07	Rate=2.12066e-05	Rate=0.000247329	Rate=0.00161979	Rate=0.00740229	Rate=0.0265459	Rate=0.0804353	Rate=0.218334	Rate=0.583208
1	0.135596	0.135595	0.135571	0.135303	0.13369	0.127108	0.107586	0.0675034	0.0209416	0.00110625
2	1.75983e-08	7.45569e-06	0.000249997	0.00290853	0.0187661	0.0805357	0.234654	0.397537	0.24917	0.0161715
3	0.13829	0.138289	0.13826	0.137941	0.136017	0.12821	0.105488	0.0612194	0.0157371	0.000547599
4	0.138044	0.138043	0.138014	0.137702	0.135823	0.128186	0.105865	0.0619139	0.0159226	0.000486547
5	0.132718	0.132717	0.132697	0.132478	0.131153	0.125716	0.109295	0.0738107	0.0273058	0.00211048
6	0.128359	0.128358	0.128343	0.128182	0.127204	0.123165	0.110699	0.0820439	0.0383311	0.00531564
7	0.130087	0.130086	0.130069	0.129885	0.128775	0.124201	0.11021	0.0788635	0.0338906	0.00393355
8	0.13645	0.136449	0.136423	0.13614	0.134434	0.127485	0.106987	0.065557	0.0191898	0.000885875
9	0.132361	0.132361	0.132341	0.132127	0.130835	0.125532	0.109477	0.0745666	0.0281381	0.00226107
10	0.140034	0.140033	0.140001	0.139646	0.137511	0.128875	0.104011	0.0570702	0.0125525	0.000265733
11	0.140581	0.14058	0.140546	0.140179	0.137971	0.129048	0.103465	0.0557244	0.0116865	0.000218146
12	1.8464e-16	3.31408e-11	3.72709e-08	5.05897e-06	0.000214216	0.00423834	0.0455953	0.254088	0.533696	0.162162
13	0.134166	0.134166	0.134144	0.133902	0.132443	0.126473	0.108582	0.0707774	0.0239015	0.00144601
14	0.138149	0.138148	0.13812	0.137803	0.1359	0.128171	0.10564	0.0615729	0.0159415	0.000554254
15	0.135912	0.135911	0.135887	0.135613	0.133966	0.127246	0.10736	0.0667773	0.0202957	0.00103101
16	1.0562e-08	4.47471e-06	0.000150054	0.00174737	0.011337	0.0498043	0.156777	0.329866	0.357421	0.092894
17	0.139148	0.139147	0.139116	0.138779	0.136749	0.128524	0.104731	0.0591663	0.0142213	0.000420548
18	0.134039	0.134038	0.134016	0.133777	0.132332	0.126417	0.108673	0.0710753	0.0241658	0.00146706
19	0.136043	0.136042	0.136017	0.135743	0.134088	0.127338	0.107356	0.06656	0.0199051	0.000908309
20	0.137981	0.13798	0.137952	0.137641	0.13577	0.128162	0.105916	0.062062	0.016039	0.000496351
21	2.05764e-08	8.7174e-06	0.000292294	0.00339931	0.0218818	0.0929925	0.262358	0.406491	0.204627	0.00794957
22	0.140463	0.140462	0.140429	0.140064	0.137872	0.129012	0.103584	0.056015	0.0118712	0.000227975
23	0.140013	0.140012	0.13998	0.139626	0.137496	0.128879	0.104055	0.0571321	0.012548	0.000258749
24	0.140186	0.140185	0.140152	0.139794	0.137642	0.128935	0.103886	0.0567086	0.0122696	0.00024299
25	1.99056e-08	8.4332e-06	0.000282767	0.00328881	0.0211819	0.0902224	0.256441	0.405458	0.214005	0.00911226
26	0.136849	0.136849	0.136822	0.136532	0.134781	0.127654	0.10669	0.064633	0.0183957	0.000794989
27	0.134418	0.134418	0.134395	0.13415	0.132668	0.126606	0.10846	0.0702513	0.0233041	0.00132852
28	0.139964	0.139963	0.139931	0.139578	0.137453	0.128854	0.104082	0.0572427	0.0126603	0.00027115
29	0.134157	0.134156	0.134134	0.133892	0.132435	0.126468	0.108585	0.0707954	0.0239262	0.00145275
30	0.13635	0.136349	0.136323	0.13604	0.134335	0.12739	0.106932	0.0656875	0.0195809	0.00101215
31	8.27943e-09	3.50767e-06	0.00011763	0.00137024	0.0089081	0.0394677	0.127757	0.290367	0.379647	0.152361
32	0.140448	0.140447	0.140414	0.14005	0.13786	0.129007	0.103599	0.0560517	0.0118945	0.000229226
33	2.00515e-08	8.49501e-06	0.000284839	0.00331285	0.0213345	0.0908334	0.257803	0.405902	0.211796	0.00872461
34	0.133493	0.133492	0.133471	0.13324	0.131845	0.126128	0.108932	0.0722071	0.0254609	0.00173242
35	0.137452	0.137451	0.137423	0.137123	0.135314	0.127953	0.106349	0.0633192	0.0170333	0.000582637
36	4.78881e-41	6.53621e-28	2.77299e-20	5.96821e-15	7.0776e-11	1.31975e-07	6.28114e-05	0.00866374	0.270346	0.720927
37	1.75713e-08	7.44425e-06	0.000249614	0.00290408	0.0187379	0.0804229	0.234406	0.397497	0.249631	0.016144
38	0.138108	0.138107	0.138079	0.137763	0.135862	0.128144	0.105649	0.0616562	0.0160574	0.000573724
39	0.136918	0.136917	0.136891	0.1366	0.134847	0.12771	0.106706	0.0645257	0.0181578	0.000727867
40	0.132628	0.132628	0.132608	0.13239	0.131074	0.125675	0.109356	0.0740176	0.0274973	0.00212577
41	1.58951e-08	6.73412e-06	0.000225807	0.00262769	0.0169776	0.0732848	0.217648	0.388694	0.276749	0.0237865
42	0.137971	0.13797	0.137942	0.137631	0.135757	0.128143	0.10589	0.0620632	0.016113	0.000519635
43	0.134842	0.134842	0.134818	0.134564	0.13303	0.12676	0.108075	0.0691906	0.022546	0.00133219
44	0.140581	0.14058	0.140546	0.140179	0.137971	0.129048	0.103465	0.0557244	0.0116865	0.000218146
45	0.138667	0.138666	0.138636	0.138309	0.136339	0.128352	0.105165	0.0603234	0.0150566	0.0004864
46	0.136053	0.136053	0.136028	0.135753	0.134096	0.127338	0.107337	0.0665212	0.019897	0.000923797
47	0.139022	0.139021	0.138991	0.138656	0.136642	0.12848	0.104845	0.0594674	0.0144364	0.000437982
48	0.134729	0.134728	0.134705	0.134452	0.132927	0.126693	0.108111	0.0694068	0.0228381	0.00141103
49	6.30566e-17	1.1318e-11	1.27295e-08	1.72938e-06	7.36268e-05	0.00149034	0.0172852	0.11875	0.419001	0.443398
50	0.137809	0.137809	0.13778	0.13747	0.135604	0.128021	0.10588	0.0623507	0.0166374	0.000638184
51	0.132456	0.132455	0.132436	0.13222	0.13092	0.125581	0.109429	0.0743654	0.0279155	0.00222263
52	0.129497	0.129497	0.129481	0.129306	0.128249	0.12389	0.110498	0.0801174	0.0353187	0.00414602
53	1.84641e-08	7.82248e-06	0.000262294	0.00305126	0.0196742	0.0842009	0.243111	0.40144	0.235529	0.0127242
54	0.134365	0.134364	0.134342	0.134097	0.132619	0.126572	0.108469	0.0703453	0.0234518	0.00137394
55	0.138893	0.138892	0.138862	0.138532	0.136547	0.128493	0.105104	0.0598615	0.0144345	0.000379429
56	0.140581	0.14058	0.140546	0.140179	0.137971	0.129048	0.103465	0.0557244	0.0116865	0.000218146
57	0.139074	0.139073	0.139043	0.138709	0.136701	0.128558	0.10494	0.0594227	0.0141224	0.000358874
58	1.57404e-50	9.10196e-35	1.29522e-25	3.25455e-19	2.54345e-14	2.22498e-10	4.13979e-07	0.000219656	0.0333934	0.966387
59	7.7622e-25	5.9026e-17	2.22641e-12	3.52555e-09	9.79363e-07	8.91916e-05	0.00352365	0.0635563	0.426329	0.506501
60	0.140086	0.140085	0.140052	0.139696	0.137555	0.128892	0.10396	0.0569436	0.0124697	0.000261003
61	6.5835e-25	5.00628e-17	1.88835e-12	2.99051e-09	8.3123e-07	7.5891e-05	0.0030231	0.0558007	0.39653	0.544569
62	1.21198e-92	9.56565e-64	5.77581e-47	3.12906e-35	2.93073e-26	4.99825e-19	5.12959e-13	5.69106e-08	0.000784708	0.999215

*** RUNNING MODEL 8 (Beta & w) ***
######################################

>Done in 706 seconds 

-1032.97842926293

------------------------------------------------

dN/dS = 0.0935326 (sample variance = 0.0428793)

Rate[1]=  0.00000993 (weight=0.0974564)
Rate[2]=  0.00019961 (weight=0.0974564)
Rate[3]=  0.00104101 (weight=0.0974564)
Rate[4]=  0.00321473 (weight=0.0974564)
Rate[5]=  0.00761937 (weight=0.0974564)
Rate[6]=  0.01551835 (weight=0.0974564)
Rate[7]=  0.02892946 (weight=0.0974564)
Rate[8]=  0.05172185 (weight=0.0974564)
Rate[9]=  0.09379353 (weight=0.0974564)
Rate[10]=  0.48770634 (weight=0.0974564)
Rate[11]=  1.03440940 (weight=0.0254364)

------------------------------------------------

 Sites with dN/dS>1 (Posterior cutoff = 0.5)

62 (0.878059)


------------------------------------------------

 Sites with dN/dS<=1 (Posterior cutoff = 0.5)

1 (1.12653e-05)
2 (9.23946e-05)
3 (3.87707e-06)
4 (2.34702e-06)
5 (2.88075e-05)
6 (0.000136067)
7 (8.82518e-05)
8 (8.04472e-06)
9 (3.13732e-05)
10 (9.01046e-07)
11 (6.37219e-07)
12 (0.0054271)
13 (1.46888e-05)
14 (3.92214e-06)
15 (1.03654e-05)
16 (0.00289019)
17 (2.54933e-06)
18 (1.42471e-05)
19 (7.03799e-06)
20 (2.42701e-06)
21 (2.63468e-05)
22 (6.89906e-07)
23 (8.19379e-07)
24 (7.32573e-07)
25 (3.21645e-05)
26 (6.7487e-06)
27 (1.2117e-05)
28 (9.27382e-07)
29 (1.48705e-05)
30 (1.10957e-05)
31 (0.00757558)
32 (6.96531e-07)
33 (2.95534e-05)
34 (2.04097e-05)
35 (3.17232e-06)
36 (0.046594)
37 (8.82184e-05)
38 (4.15266e-06)
39 (5.19404e-06)
40 (2.84985e-05)
41 (0.000174324)
42 (2.90995e-06)
43 (1.48421e-05)
44 (6.37219e-07)
45 (3.18029e-06)
46 (7.57814e-06)
47 (2.74284e-06)
48 (1.73411e-05)
49 (0.0501487)
50 (5.05093e-06)
51 (3.0832e-05)
52 (8.47631e-05)
53 (5.50044e-05)
54 (1.34551e-05)
55 (1.58608e-06)
56 (6.37219e-07)
57 (1.44512e-06)
58 (0.398202)
59 (0.0428274)
60 (8.71092e-07)
61 (0.0534345)


------------------------------------------------

Tabulated Posteriors for Each Site
Sites in Columns, Rate Classes in Rows
Import the following part into a data processing program
for further analysis


Rate/Site	Rate=9.93234e-06	Rate=0.000199606	Rate=0.00104101	Rate=0.00321473	Rate=0.00761937	Rate=0.0155184	Rate=0.0289295	Rate=0.0517218	Rate=0.0937935	Rate=0.487706	Rate=1.03441
1	0.130463	0.13025	0.129311	0.126917	0.122203	0.114194	0.101802	0.0838047	0.0586517	0.00239152	1.12653e-05
2	8.76183e-05	0.00175725	0.00908246	0.0274024	0.0619578	0.115972	0.187364	0.26282	0.305226	0.0282387	9.23946e-05
3	0.133628	0.133373	0.132246	0.12938	0.123765	0.114314	0.0999261	0.0795861	0.052464	0.00131459	3.87707e-06
4	0.133268	0.133018	0.131919	0.12912	0.123632	0.114374	0.100231	0.080124	0.053077	0.00123386	2.34702e-06
5	0.127314	0.12714	0.126372	0.124409	0.120525	0.113866	0.103403	0.0878048	0.0649935	0.00414327	2.88075e-05
6	0.122972	0.122844	0.122278	0.120828	0.117942	0.112941	0.104938	0.0926302	0.073619	0.00887154	0.000136067
7	0.124677	0.124532	0.123888	0.122241	0.118973	0.113333	0.104377	0.0907817	0.0702494	0.00685874	8.82518e-05
8	0.131416	0.131191	0.130197	0.127666	0.12269	0.114256	0.10127	0.0825559	0.0567588	0.00199149	8.04472e-06
9	0.126952	0.126783	0.126033	0.124118	0.120326	0.113818	0.103572	0.0882521	0.0657289	0.00438598	3.13732e-05
10	0.135724	0.13544	0.134185	0.130997	0.124771	0.114345	0.0986233	0.0767513	0.0484193	0.000743808	9.01046e-07
11	0.136417	0.136123	0.134823	0.131522	0.125082	0.114322	0.0981527	0.0757927	0.0471322	0.000632915	6.37219e-07
12	1.02303e-08	4.12454e-06	0.000111321	0.00104058	0.0056136	0.021657	0.0665599	0.172766	0.38772	0.3391	0.0054271
13	0.128842	0.12865	0.127804	0.125642	0.121374	0.114085	0.102707	0.0859365	0.0618986	0.00304693	1.46888e-05
14	0.133413	0.133161	0.132048	0.129217	0.12367	0.114324	0.100076	0.0798854	0.0528592	0.00134284	3.92214e-06
15	0.130818	0.1306	0.129641	0.127195	0.122384	0.114216	0.101602	0.0833378	0.0579456	0.00225002	1.03654e-05
16	6.3003e-05	0.00126453	0.00655778	0.0199575	0.0459241	0.0887084	0.151173	0.232141	0.318404	0.132916	0.00289019
17	0.134666	0.134396	0.133205	0.130177	0.124255	0.114317	0.0992668	0.0781763	0.0504833	0.00105586	2.54933e-06
18	0.128735	0.128544	0.127704	0.125558	0.121321	0.11408	0.102771	0.0860831	0.0621172	0.00307241	1.42471e-05
19	0.130929	0.130711	0.129748	0.127292	0.122461	0.114257	0.101586	0.0832319	0.0577108	0.00206665	7.03799e-06
20	0.133193	0.132945	0.13185	0.129062	0.123596	0.114373	0.100277	0.0802251	0.0532231	0.00125447	2.42701e-06
21	9.65679e-05	0.00193613	0.00999291	0.0300398	0.0674227	0.12455	0.196791	0.265868	0.28835	0.0149274	2.63468e-05
22	0.136267	0.135974	0.134684	0.131408	0.125015	0.114328	0.0982555	0.0760011	0.0474107	0.000656087	6.89906e-07
23	0.135671	0.135387	0.134137	0.130959	0.124752	0.114356	0.0986697	0.0768293	0.0485021	0.00073485	8.19379e-07
24	0.135888	0.135601	0.134336	0.131124	0.124851	0.11435	0.0985242	0.0765303	0.048097	0.000698279	7.32573e-07
25	9.4498e-05	0.00189478	0.00978276	0.0294336	0.0661787	0.122636	0.194795	0.265512	0.292579	0.0170613	3.21645e-05
26	0.131886	0.131654	0.130634	0.128033	0.122925	0.11428	0.100999	0.0819343	0.0558326	0.00181571	6.7487e-06
27	0.129134	0.128939	0.128077	0.125877	0.121536	0.114127	0.102574	0.0855799	0.0613068	0.0028374	1.2117e-05
28	0.135634	0.135351	0.134102	0.130929	0.12473	0.114349	0.0986854	0.0768768	0.0485862	0.000756979	9.27382e-07
29	0.128833	0.128642	0.127795	0.125635	0.121369	0.114082	0.10271	0.0859462	0.0619165	0.00305681	1.48705e-05
30	0.131395	0.131169	0.130173	0.127635	0.122649	0.114205	0.101217	0.0825355	0.0568435	0.00216683	1.10957e-05
31	5.28411e-05	0.00106086	0.00550824	0.016816	0.038941	0.0760761	0.132148	0.209567	0.304748	0.207505	0.00757558
32	0.136248	0.135956	0.134667	0.131394	0.125007	0.114328	0.098268	0.0760265	0.0474447	0.000658944	6.96531e-07
33	9.49419e-05	0.00190365	0.00982792	0.0295645	0.0664499	0.123062	0.195263	0.265659	0.291728	0.0164176	2.95534e-05
34	0.12813	0.127947	0.127137	0.125069	0.120983	0.11399	0.103042	0.0868173	0.0633408	0.00352423	2.04097e-05
35	0.132563	0.132323	0.131266	0.128574	0.12329	0.114356	0.100661	0.0810755	0.0544543	0.00143293	3.17232e-06
36	6.67738e-22	2.18415e-15	8.34725e-12	2.28711e-09	1.62733e-07	5.21507e-06	0.000100899	0.00142547	0.0174383	0.934436	0.046594
37	8.76094e-05	0.00175708	0.00908159	0.0274	0.0619537	0.115968	0.18737	0.262855	0.305315	0.0281236	8.82184e-05
38	0.133404	0.133151	0.132039	0.129207	0.12366	0.114314	0.100069	0.0798913	0.0528921	0.00136911	4.15266e-06
39	0.131964	0.131732	0.130709	0.128102	0.12298	0.11431	0.100987	0.0818557	0.0556548	0.00170065	5.19404e-06
40	0.127214	0.127041	0.126279	0.12433	0.120474	0.113859	0.103458	0.0879376	0.0651993	0.00418084	2.84985e-05
41	8.23118e-05	0.00165114	0.00854105	0.025824	0.0586419	0.110616	0.181057	0.259607	0.313727	0.040079	0.000174324
42	0.133134	0.132887	0.131794	0.129013	0.12356	0.114358	0.100296	0.0802933	0.0533532	0.0013091	2.90995e-06
43	0.129631	0.129429	0.128536	0.126259	0.12177	0.114125	0.102248	0.0848808	0.0603168	0.00279061	1.48421e-05
44	0.136417	0.136123	0.134823	0.131522	0.125082	0.114322	0.0981527	0.0757927	0.0471322	0.000632915	6.37219e-07
45	0.134081	0.13382	0.132665	0.129729	0.123982	0.114319	0.0996425	0.0789728	0.0515936	0.00119191	3.18029e-06
46	0.130978	0.130759	0.129793	0.12733	0.122483	0.114256	0.101552	0.0831598	0.0576092	0.00207162	7.57814e-06
47	0.134512	0.134244	0.133062	0.130059	0.124184	0.114318	0.0993664	0.0783862	0.0507742	0.00109174	2.74284e-06
48	0.129495	0.129294	0.128408	0.126147	0.12169	0.114098	0.1023	0.0850364	0.0605915	0.00292401	1.73411e-05
49	3.45663e-09	1.39463e-06	3.77641e-05	0.000355993	0.00195356	0.00777072	0.0251504	0.0712466	0.187585	0.65575	0.0501487
50	0.133053	0.132805	0.131713	0.128934	0.123486	0.1143	0.100276	0.0803579	0.0535783	0.00149226	5.05093e-06
51	0.127055	0.126884	0.126129	0.1242	0.120383	0.113832	0.103524	0.0881249	0.0655189	0.00431741	3.0832e-05
52	0.124063	0.123925	0.123313	0.121746	0.118631	0.113246	0.10466	0.0915455	0.0715266	0.00726006	8.47631e-05
53	9.03102e-05	0.00181108	0.00935685	0.0282007	0.0636275	0.118644	0.190446	0.264222	0.300681	0.0228655	5.50044e-05
54	0.12907	0.128875	0.128016	0.125824	0.121497	0.114111	0.102594	0.0856495	0.0614372	0.00291377	1.34551e-05
55	0.134273	0.13401	0.132848	0.129892	0.124106	0.114375	0.0995868	0.07875	0.0511499	0.00100779	1.58608e-06
56	0.136417	0.136123	0.134823	0.131522	0.125082	0.114322	0.0981527	0.0757927	0.0471322	0.000632915	6.37219e-07
57	0.134531	0.134264	0.133086	0.13009	0.124227	0.114373	0.0994197	0.0783961	0.050657	0.0009547	1.44512e-06
58	1.21074e-27	7.96561e-20	1.5937e-15	1.36171e-12	2.34226e-10	1.58381e-08	6.06393e-07	1.69375e-05	0.000451143	0.601329	0.398202
59	2.88442e-13	2.33759e-09	3.29382e-07	9.53339e-06	0.000122556	0.00097234	0.0056628	0.0270151	0.115623	0.807767	0.0428274
60	0.135795	0.13551	0.13425	0.131051	0.124803	0.114343	0.0985753	0.0766531	0.0482866	0.000731861	8.71092e-07
61	2.39129e-13	1.9381e-09	2.73191e-07	7.9145e-06	0.000101939	0.000811529	0.00475364	0.0229007	0.0997853	0.818204	0.0534345
62	4.31496e-51	9.29917e-37	7.15573e-29	1.703e-23	2.15486e-19	4.95708e-16	4.06446e-13	1.90637e-10	8.5501e-08	0.12194	0.878059
