
*** RUNNING MODEL 7 (Beta) ***
######################################

>Done in 421 seconds 

-1397.87587021617

------------------------------------------------

dN/dS = 0.169721 (sample variance = 0.0219322)

Rate[1]=  0.00755337 (weight=0.1000000)
Rate[2]=  0.02678705 (weight=0.1000000)
Rate[3]=  0.05006888 (weight=0.1000000)
Rate[4]=  0.07724750 (weight=0.1000000)
Rate[5]=  0.10896733 (weight=0.1000000)
Rate[6]=  0.14650793 (weight=0.1000000)
Rate[7]=  0.19219215 (weight=0.1000000)
Rate[8]=  0.25063808 (weight=0.1000000)
Rate[9]=  0.33337415 (weight=0.1000000)
Rate[10]=  0.50387832 (weight=0.1000000)

------------------------------------------------

 No rate classes with dN/dS>1.

------------------------------------------------

Tabulated Posteriors for Each Site
Sites in Columns, Rate Classes in Rows
Import the following part into a data processing program
for further analysis


Rate/Site	Rate=0.00755337	Rate=0.0267871	Rate=0.0500689	Rate=0.0772475	Rate=0.108967	Rate=0.146508	Rate=0.192192	Rate=0.250638	Rate=0.333374	Rate=0.503878
1	0.385279	0.262286	0.16503	0.0963846	0.0516786	0.0248693	0.0103104	0.00339719	0.000729509	3.50461e-05
2	0.301232	0.232859	0.170968	0.119645	0.0792842	0.0490659	0.0276505	0.0134991	0.00505011	0.000745736
3	0.376254	0.259369	0.165965	0.0990841	0.0546782	0.0273433	0.0119519	0.00425301	0.00103445	6.68632e-05
4	2.65805e-07	0.0001084	0.00168713	0.0094827	0.0318435	0.0773305	0.148002	0.230612	0.286111	0.214823
5	0.000195882	0.00646348	0.0294155	0.0712325	0.123837	0.172357	0.200149	0.193737	0.146642	0.0559711
6	0.0510168	0.134846	0.177291	0.18241	0.161589	0.126605	0.0874175	0.0513784	0.0231142	0.00433251
7	1.08425e-05	0.00123024	0.0100743	0.035969	0.0835573	0.146425	0.205518	0.233009	0.200747	0.0834594
8	0.00010173	0.00355554	0.0173458	0.0455458	0.0870086	0.135363	0.17995	0.20698	0.199717	0.124432
9	1.1467e-07	5.00118e-05	0.000841896	0.00516635	0.0191283	0.0518091	0.112244	0.202274	0.301321	0.307165
10	0.00401799	0.037223	0.0902576	0.141214	0.173781	0.180169	0.160556	0.121103	0.071456	0.0202234
11	4.17336e-06	0.000508026	0.00453087	0.0178772	0.0466853	0.0940066	0.156337	0.220325	0.258296	0.20143
12	0.000133712	0.00460662	0.0220464	0.0564689	0.104454	0.155739	0.195401	0.206844	0.17479	0.0795162
13	4.406e-15	3.18684e-10	6.94185e-08	2.58721e-06	4.11921e-05	0.000402638	0.00291991	0.0178301	0.104114	0.87469
14	5.49373e-13	1.07614e-08	1.19603e-06	2.73893e-05	0.000291202	0.00197936	0.0101319	0.043316	0.16941	0.774843
15	0.00272224	0.0266115	0.0687537	0.11557	0.154136	0.174937	0.172825	0.147089	0.100881	0.0364743
16	0.0722598	0.176504	0.210889	0.19402	0.150826	0.101247	0.0579434	0.0268233	0.00864843	0.000839233
17	0.349432	0.251575	0.169506	0.107334	0.0633141	0.034159	0.0163015	0.00644176	0.00179147	0.000145554
18	0.00289449	0.0279596	0.0712733	0.118124	0.155314	0.173905	0.16986	0.143646	0.0991026	0.0379215
19	1.55326e-07	6.56127e-05	0.00106526	0.00628711	0.0223372	0.0579401	0.120012	0.20655	0.294186	0.291557
20	9.26292e-05	0.00330179	0.0164564	0.0441581	0.0861364	0.136528	0.184081	0.21282	0.202235	0.114191
21	1.0034e-10	5.28713e-07	2.96658e-05	0.000410962	0.00285282	0.0130544	0.0449784	0.125168	0.289621	0.523884
22	0.0646841	0.162698	0.201234	0.192515	0.156345	0.110223	0.0666758	0.0329069	0.0114662	0.00125201
23	0.00373884	0.0354281	0.0879556	0.140721	0.176499	0.185341	0.165436	0.122396	0.0676384	0.0148466
24	1.44416e-07	6.14196e-05	0.00100528	0.00598798	0.0214946	0.0563935	0.118267	0.206215	0.297206	0.293368
25	0.005311	0.0476774	0.111057	0.165317	0.191203	0.183193	0.147162	0.09608	0.0453192	0.00768009
26	0.00409238	0.0381424	0.092935	0.145724	0.178965	0.183941	0.160783	0.116795	0.0639511	0.0146715
27	0.0481362	0.128443	0.170938	0.178571	0.161253	0.12951	0.0924357	0.0569437	0.027602	0.00616742
28	7.92927e-06	0.000916658	0.00768727	0.028267	0.0681186	0.12506	0.186597	0.230302	0.226248	0.126796
29	0.000289682	0.00924736	0.0403659	0.0928967	0.151727	0.19535	0.205178	0.173197	0.10644	0.0253081
30	0.000104756	0.00360927	0.0173948	0.0453084	0.0863223	0.134738	0.180706	0.210246	0.203591	0.117979
31	0.0513296	0.135564	0.178131	0.183187	0.162141	0.126755	0.0870186	0.0504253	0.0218805	0.00356891
32	0.0636827	0.160771	0.199742	0.192086	0.156949	0.111447	0.068009	0.0339423	0.0120154	0.00135527
33	6.2288e-06	0.00074165	0.00643157	0.024518	0.0613711	0.117196	0.182011	0.233704	0.238034	0.135987
34	0.344199	0.249093	0.169193	0.108427	0.0650922	0.0360384	0.0178795	0.00750975	0.00232163	0.000247174
35	0.298958	0.230999	0.169844	0.119383	0.0798125	0.0501636	0.0290083	0.014786	0.00597409	0.00107186
36	0.0475516	0.127971	0.171699	0.180508	0.163508	0.131013	0.0924423	0.0553894	0.0252443	0.00467295
37	0.344182	0.249761	0.169911	0.108816	0.0650513	0.0356635	0.017361	0.00704122	0.00203398	0.000179326
38	0.333723	0.245771	0.170309	0.111536	0.0685213	0.0388643	0.019768	0.0085148	0.00269801	0.000294016
39	0.379676	0.260287	0.165445	0.0980104	0.0535998	0.0265203	0.0114439	0.00400612	0.00095229	5.87571e-05
40	0.335343	0.246374	0.170234	0.111111	0.0679892	0.0383791	0.0194056	0.00829287	0.00259645	0.000275086
41	0.0043639	0.0403647	0.0974196	0.151007	0.182872	0.18471	0.157877	0.111234	0.0581384	0.0120131
42	0.00487469	0.0444137	0.105246	0.159674	0.188551	0.184786	0.152152	0.102062	0.0495879	0.00865206
43	0.000235867	0.0076913	0.034444	0.0816636	0.138096	0.185302	0.204802	0.184849	0.125477	0.03744
44	0.0593573	0.151667	0.191535	0.188202	0.158214	0.116726	0.0751048	0.0404932	0.0162399	0.00246095
45	0.0456045	0.123543	0.167181	0.177654	0.163115	0.132988	0.0960222	0.0594269	0.0285025	0.0059633
46	0.00403206	0.0376988	0.0921794	0.145078	0.178844	0.184475	0.161725	0.11762	0.0641407	0.0142064
47	0.000159723	0.00538556	0.0251493	0.0627197	0.112736	0.16298	0.197739	0.201604	0.162834	0.0686932
48	0.344474	0.249611	0.169619	0.108585	0.0649673	0.03572	0.0174994	0.00718848	0.00213264	0.000204066
49	0.359065	0.254658	0.168508	0.104484	0.0601511	0.0315393	0.0145435	0.00550402	0.00144199	0.000104214
50	0.375465	0.259236	0.166159	0.0993619	0.0549093	0.0274856	0.0120157	0.00426905	0.00103274	6.53419e-05

*** RUNNING MODEL 8 (Beta & w) ***
######################################

>Done in 692 seconds 

-1397.25265030262

------------------------------------------------

dN/dS = 0.172578 (sample variance = 0.0361695)

Rate[1]=  0.01119059 (weight=0.0967021)
Rate[2]=  0.03166807 (weight=0.0967021)
Rate[3]=  0.05264876 (weight=0.0967021)
Rate[4]=  0.07528543 (weight=0.0967021)
Rate[5]=  0.10045058 (weight=0.0967021)
Rate[6]=  0.12929420 (weight=0.0967021)
Rate[7]=  0.16368334 (weight=0.0967021)
Rate[8]=  0.20723356 (weight=0.0967021)
Rate[9]=  0.26906204 (weight=0.0967021)
Rate[10]=  0.40308680 (weight=0.0967021)
Rate[11]=  1.00000000 (weight=0.0329786)

------------------------------------------------

 Sites with dN/dS>1 (Posterior cutoff = 0.5)

13 (0.866027)
14 (0.611965)


------------------------------------------------

 Sites with dN/dS<=1 (Posterior cutoff = 0.5)

1 (5.23954e-09)
2 (1.99185e-06)
3 (2.42793e-08)
4 (0.00668214)
5 (0.000564688)
6 (1.39921e-05)
7 (0.000687203)
8 (0.00462885)
9 (0.0178728)
10 (0.000151384)
11 (0.00975624)
12 (0.0010242)
15 (0.000419833)
16 (5.14163e-07)
17 (8.23429e-08)
18 (0.000592746)
19 (0.020864)
20 (0.00244277)
21 (0.0704428)
22 (9.16389e-07)
23 (2.98763e-05)
24 (0.0170171)
25 (1.13492e-05)
26 (5.21096e-05)
27 (3.53281e-05)
28 (0.00268163)
29 (4.99266e-05)
30 (0.00210476)
31 (5.18922e-06)
32 (1.08885e-06)
33 (0.00259778)
34 (3.44656e-07)
35 (5.23418e-06)
36 (1.25963e-05)
37 (1.28248e-07)
38 (4.07499e-07)
39 (1.88112e-08)
40 (3.43454e-07)
41 (3.13225e-05)
42 (1.11716e-05)
43 (0.000171879)
44 (4.99352e-06)
45 (2.52082e-05)
46 (3.58929e-05)
47 (0.000724047)
48 (2.04317e-07)
49 (4.42399e-08)
50 (2.15101e-08)


------------------------------------------------

Tabulated Posteriors for Each Site
Sites in Columns, Rate Classes in Rows
Import the following part into a data processing program
for further analysis


Rate/Site	Rate=0.0111906	Rate=0.0316681	Rate=0.0526488	Rate=0.0752854	Rate=0.100451	Rate=0.129294	Rate=0.163683	Rate=0.207234	Rate=0.269062	Rate=0.403087	Rate=1
1	0.367418	0.243713	0.160349	0.102304	0.0622536	0.0353641	0.0181195	0.00783948	0.00243027	0.000207888	5.23954e-09
2	0.282407	0.214556	0.162303	0.120433	0.0867283	0.0597921	0.0386142	0.02241	0.0105428	0.00221161	1.99185e-06
3	0.357737	0.240635	0.160853	0.104576	0.0651182	0.0380826	0.0202749	0.00925926	0.00312999	0.000333512	2.42793e-08
4	2.00437e-06	0.000258949	0.00232903	0.00963041	0.0271474	0.0606002	0.114909	0.191161	0.278748	0.308532	0.00668214
5	0.000571704	0.00940321	0.0312174	0.0645166	0.104675	0.145043	0.177433	0.192073	0.176246	0.0982566	0.000564688
6	0.0631137	0.130578	0.158068	0.161173	0.148405	0.125686	0.0974825	0.0672979	0.0379187	0.0102615	1.39921e-05
7	4.8999e-05	0.00220542	0.0117538	0.0334256	0.0692772	0.117436	0.170978	0.216351	0.229568	0.148269	0.000687203
8	0.000321819	0.00562186	0.0198505	0.0438434	0.0765827	0.115481	0.156251	0.192164	0.211315	0.17394	0.00462885
9	9.28973e-07	0.000128961	0.0012454	0.00554502	0.0169159	0.0411737	0.0860948	0.160834	0.2726	0.397589	0.0178728
10	0.00748317	0.0432625	0.086011	0.123874	0.150275	0.161673	0.156562	0.13484	0.0970985	0.0387687	0.000151384
11	2.10508e-05	0.00102093	0.00587477	0.0181521	0.0412676	0.0778016	0.128624	0.191259	0.255305	0.270918	0.00975624
12	0.000404986	0.00697136	0.024207	0.0524113	0.0893454	0.130649	0.169772	0.197268	0.198165	0.129782	0.0010242
13	5.89362e-14	5.51808e-10	4.29073e-08	8.46168e-07	8.73128e-06	6.2916e-05	0.000370249	0.00199768	0.0113762	0.120156	0.866027
14	1.04044e-11	3.29999e-08	1.47996e-06	1.9534e-05	0.000144116	0.000766033	0.00335704	0.0133351	0.0533493	0.317062	0.611965
15	0.00522983	0.0320298	0.0674537	0.103194	0.133585	0.154367	0.162111	0.153708	0.125322	0.0625795	0.000419833
16	0.0879828	0.167329	0.185785	0.172549	0.143203	0.107662	0.0724578	0.0418179	0.0183065	0.00290651	5.14163e-07
17	0.330508	0.232795	0.162987	0.111275	0.0730624	0.0453234	0.0258187	0.0127911	0.00481342	0.000626664	8.23429e-08
18	0.00556206	0.0336175	0.0699134	0.105642	0.135091	0.154256	0.16019	0.15047	0.122174	0.0624913	0.000592746
19	1.24506e-06	0.000166944	0.00155932	0.00671343	0.0197851	0.0464498	0.0934662	0.167454	0.270771	0.372769	0.020864
20	0.000292247	0.0052151	0.0187788	0.0422572	0.0751332	0.115182	0.158119	0.196517	0.216278	0.169785	0.00244277
21	2.06132e-09	2.19567e-06	5.61711e-05	0.000489179	0.0025326	0.00968483	0.0305309	0.0848476	0.219006	0.582408	0.0704428
22	0.0791335	0.155242	0.177789	0.17057	0.146581	0.114501	0.0804624	0.0488576	0.0228143	0.00404754	9.16389e-07
23	0.00694828	0.0411532	0.0835849	0.122713	0.151366	0.164987	0.160935	0.138129	0.0967178	0.0334358	2.98763e-05
24	1.1628e-06	0.000157063	0.00147795	0.00641316	0.0190605	0.0451641	0.0918164	0.16641	0.272626	0.379857	0.0170171
25	0.00963736	0.0538706	0.103273	0.1427	0.164888	0.167201	0.150188	0.116786	0.071852	0.0195927	1.13492e-05
26	0.00759213	0.0441554	0.0881278	0.127134	0.154048	0.164869	0.157839	0.132949	0.091513	0.0317197	5.21096e-05
27	0.059787	0.12496	0.152948	0.157942	0.147634	0.127366	0.101164	0.0721718	0.0428171	0.0131751	3.53281e-05
28	3.72083e-05	0.0017085	0.0093039	0.0271155	0.0578418	0.101545	0.154564	0.207754	0.241908	0.19554	0.00268163
29	0.000816015	0.0129438	0.0413449	0.0818283	0.12628	0.164817	0.187119	0.18338	0.144834	0.056588	4.99266e-05
30	0.000328841	0.00566512	0.0198081	0.0434803	0.0757639	0.114424	0.155713	0.19337	0.215028	0.174315	0.00210476
31	0.0634264	0.131132	0.158674	0.161739	0.148847	0.125904	0.0973616	0.0667417	0.0369288	0.0092402	5.18922e-06
32	0.0779593	0.153542	0.176554	0.170124	0.146906	0.115393	0.0816259	0.0499798	0.0236163	0.00429845	1.08885e-06
33	2.96033e-05	0.00140328	0.00787907	0.0236786	0.0521185	0.0945102	0.148808	0.207291	0.25073	0.210954	0.00259778
34	0.325032	0.230281	0.162461	0.112046	0.0745803	0.0471414	0.0275818	0.0142297	0.00574087	0.000904939	3.44656e-07
35	0.280014	0.212721	0.161189	0.12007	0.0870547	0.0606751	0.0398655	0.0237934	0.011771	0.00284126	5.23418e-06
36	0.0590991	0.124597	0.153552	0.159369	0.149376	0.128794	0.101702	0.0714606	0.040914	0.0111241	1.25963e-05
37	0.325134	0.230965	0.163131	0.112442	0.0746242	0.0468713	0.027105	0.0136914	0.00529991	0.000735538	1.28248e-07
38	0.314558	0.227014	0.163044	0.114498	0.0776422	0.0500368	0.0298803	0.0157567	0.00651176	0.00105776	4.07499e-07
39	0.361247	0.241574	0.160516	0.103686	0.0641033	0.0371838	0.0196052	0.00884457	0.00293869	0.000301786	1.88112e-08
40	0.31609	0.227573	0.163045	0.114195	0.0772073	0.049586	0.0294881	0.0154658	0.00634018	0.00101002	3.43454e-07
41	0.00804754	0.0464273	0.0918726	0.131277	0.157323	0.166174	0.156499	0.128963	0.0858749	0.0275104	3.13225e-05
42	0.00890669	0.0505675	0.0984312	0.138159	0.162296	0.167509	0.15341	0.121935	0.0770022	0.0217722	1.11716e-05
43	0.000673554	0.0109372	0.0357787	0.0726516	0.115358	0.155573	0.183709	0.189373	0.161036	0.0747385	0.000171879
44	0.0728666	0.145421	0.169765	0.166577	0.1471	0.118884	0.0873365	0.0564203	0.0290534	0.00657124	4.99352e-06
45	0.0569086	0.120797	0.149987	0.157022	0.148702	0.129849	0.104221	0.0748912	0.0444092	0.0131874	2.52082e-05
46	0.00744629	0.0434918	0.0871575	0.126246	0.153596	0.165059	0.158655	0.134118	0.0924944	0.0317002	3.58929e-05
47	0.000474644	0.00798972	0.0271506	0.0575124	0.0958403	0.13681	0.173168	0.195285	0.189035	0.11601	0.000724047
48	0.325348	0.230796	0.162872	0.112235	0.0745298	0.0468968	0.0272233	0.0138541	0.00544729	0.000796801	2.04317e-07
49	0.340266	0.235876	0.16248	0.109009	0.0702073	0.0426067	0.0236497	0.0113423	0.00407932	0.000483155	4.42399e-08
50	0.356938	0.2405	0.161004	0.104817	0.065346	0.0382514	0.0203747	0.00930142	0.00313662	0.000330096	2.15101e-08
