
*** RUNNING MODEL 7 (Beta) ***
######################################

>Done in 422 seconds 

-2150.71019586055

------------------------------------------------

dN/dS = 0.345849 (sample variance = 0.120747)

Rate[1]=  0.00022237 (weight=0.1000000)
Rate[2]=  0.00441589 (weight=0.1000000)
Rate[3]=  0.02265325 (weight=0.1000000)
Rate[4]=  0.06785078 (weight=0.1000000)
Rate[5]=  0.15222522 (weight=0.1000000)
Rate[6]=  0.28294135 (weight=0.1000000)
Rate[7]=  0.45681591 (weight=0.1000000)
Rate[8]=  0.65555399 (weight=0.1000000)
Rate[9]=  0.84389828 (weight=0.1000000)
Rate[10]=  0.97191671 (weight=0.1000000)

------------------------------------------------

 No rate classes with dN/dS>1.

------------------------------------------------

Tabulated Posteriors for Each Site
Sites in Columns, Rate Classes in Rows
Import the following part into a data processing program
for further analysis


Rate/Site	Rate=0.000222372	Rate=0.00441589	Rate=0.0226532	Rate=0.0678508	Rate=0.152225	Rate=0.282941	Rate=0.456816	Rate=0.655554	Rate=0.843898	Rate=0.971917
1	6.25144e-24	7.42481e-15	6.22249e-10	1.0222e-06	0.000173122	0.00578784	0.0541965	0.190162	0.338807	0.410872
2	1.25389e-34	1.16574e-21	1.31668e-14	5.78978e-10	1.09985e-06	0.000233223	0.00897937	0.0895941	0.324245	0.576947
3	4.09432e-15	1.19148e-08	3.27207e-05	0.00418825	0.074476	0.287219	0.338274	0.183571	0.0747812	0.0374578
4	5.63831e-13	8.47515e-08	5.06409e-05	0.00283038	0.0364642	0.154413	0.270318	0.251108	0.168755	0.11606
5	5.63737e-16	1.66958e-09	4.94708e-06	0.000762539	0.0189984	0.120539	0.262943	0.271089	0.1911	0.134563
6	0.335649	0.31135	0.224863	0.101369	0.0237873	0.00277704	0.000191868	1.16271e-05	1.03044e-06	2.24102e-07
7	5.09332e-20	3.02372e-12	4.78655e-08	2.44029e-05	0.00163286	0.0250965	0.122454	0.253354	0.304508	0.29293
8	0.0035622	0.0661634	0.254054	0.374099	0.22984	0.0621504	0.00896094	0.00099474	0.000136601	3.78869e-05
9	1.54341e-26	3.58262e-16	1.43851e-10	6.0138e-07	0.000172179	0.00720677	0.0685347	0.216958	0.337182	0.369946
10	4.43591e-20	2.6322e-12	4.15921e-08	2.11435e-05	0.00141515	0.0220287	0.111222	0.243029	0.310327	0.311957
11	5.3204e-16	1.57748e-09	4.69649e-06	0.000731902	0.0185562	0.120079	0.265522	0.273591	0.190016	0.131499
12	1.78194e-10	1.36809e-06	0.000169488	0.00368447	0.0281181	0.0993352	0.19217	0.239252	0.230143	0.207126
13	4.0155e-18	1.22582e-11	4.14226e-08	8.82138e-06	0.000398139	0.00619058	0.042481	0.151991	0.32638	0.472551
14	0.323312	0.302486	0.22669	0.11178	0.0307759	0.00451263	0.000406819	3.17644e-05	3.41336e-06	8.25406e-07
15	9.08856e-06	0.00334937	0.0657408	0.287678	0.392224	0.195678	0.0458974	0.00754841	0.00140478	0.000469718
16	9.37866e-07	0.000360109	0.00844001	0.0568737	0.168405	0.25814	0.232308	0.145314	0.0796808	0.0504767
17	1.04105e-05	0.00382321	0.0739104	0.311358	0.394816	0.175372	0.0350112	0.00475111	0.000732666	0.000215178
18	0.322783	0.302081	0.226689	0.11219	0.0311449	0.00464206	0.000430173	3.48321e-05	3.87751e-06	9.59211e-07
19	3.83654e-13	5.77818e-08	3.48256e-05	0.00199004	0.0267933	0.122299	0.239383	0.256464	0.199931	0.153106
20	7.26405e-20	4.30042e-12	6.72628e-08	3.331e-05	0.0021169	0.0302503	0.135755	0.259978	0.295541	0.276325
21	4.06029e-09	3.0292e-05	0.0033139	0.0530459	0.230607	0.34886	0.229259	0.0894355	0.0309349	0.0145138
22	1.89303e-24	2.25484e-15	1.91514e-10	3.26892e-07	6.04284e-05	0.00238289	0.0287532	0.138055	0.333609	0.49714
23	0.00370413	0.0686628	0.261399	0.377017	0.223263	0.0572685	0.00774719	0.00080522	0.000104521	2.80021e-05
24	0.3304	0.307602	0.225706	0.105813	0.0266988	0.00348176	0.000277334	1.95616e-05	1.97269e-06	4.63845e-07
25	2.84033e-31	1.32931e-19	2.92444e-13	4.30349e-09	3.71196e-06	0.000448159	0.0119475	0.097398	0.324374	0.565829
26	0.00120456	0.0232155	0.104579	0.227118	0.280297	0.20771	0.0998867	0.0365227	0.0130873	0.00637985
27	0.00340814	0.0634369	0.24584	0.370248	0.236953	0.0680437	0.0105648	0.00126596	0.000185417	5.34903e-05
28	0.00356233	0.0661543	0.253852	0.373466	0.229729	0.0626959	0.00926768	0.00107317	0.000154681	4.44368e-05
29	4.39971e-10	3.35624e-06	0.000404348	0.0082052	0.0551387	0.160542	0.241986	0.229208	0.172338	0.132174
30	0.327213	0.305328	0.226227	0.108522	0.0284604	0.00389812	0.000325308	2.3678e-05	2.41966e-06	5.70058e-07
31	0.322783	0.302081	0.226689	0.11219	0.0311449	0.00464206	0.000430173	3.48321e-05	3.87751e-06	9.59211e-07
32	7.1023e-11	5.48554e-07	6.97453e-05	0.00161609	0.0138679	0.0584811	0.141972	0.226564	0.272877	0.284552
33	7.14639e-10	5.4307e-06	0.000643516	0.0125371	0.078168	0.203142	0.264075	0.211724	0.136011	0.0936943
34	1.31819e-09	9.97186e-06	0.00115841	0.0214678	0.121547	0.270009	0.28119	0.172126	0.0844172	0.0480738
35	8.21874e-27	1.91691e-16	7.85671e-11	3.45098e-07	0.000107747	0.0050885	0.055521	0.19988	0.342493	0.39691
36	0.327	0.305153	0.226193	0.108675	0.0286392	0.0039717	0.000339756	2.56539e-05	2.7268e-06	6.60448e-07
37	3.96383e-25	4.75989e-16	4.18762e-11	7.79472e-08	1.69024e-05	0.000848912	0.0139967	0.0948324	0.314023	0.576282
38	2.29638e-07	8.976e-05	0.00226954	0.0182573	0.0727116	0.165123	0.229683	0.217211	0.166074	0.128579
39	0.32126	0.300973	0.226877	0.11347	0.0320447	0.00487351	0.000458814	3.73705e-05	4.15046e-06	1.02245e-06
40	0.00260944	0.0491534	0.200536	0.341885	0.272155	0.105878	0.0231059	0.00376558	0.000688673	0.000223579
41	8.54757e-07	0.000328441	0.00772285	0.0524709	0.157883	0.24858	0.232718	0.153173	0.088661	0.0584617
42	0.00357901	0.0664605	0.254944	0.3745	0.229065	0.0615251	0.00879303	0.000966218	0.000131338	3.61549e-05
43	0.325061	0.303749	0.226448	0.110302	0.0297672	0.00426248	0.000377123	2.92405e-05	3.15227e-06	7.66587e-07
44	3.38916e-10	2.59175e-06	0.000315589	0.00657144	0.046232	0.143645	0.233304	0.236658	0.186706	0.146566
45	0.326621	0.30489	0.226275	0.109007	0.0288308	0.00400631	0.000341584	2.5548e-05	2.68461e-06	6.45137e-07
46	1.19839e-29	3.50381e-19	2.78654e-13	2.9918e-09	2.40874e-06	0.00030095	0.00881341	0.0817771	0.311429	0.597677
47	1.34923e-09	1.02027e-05	0.00118323	0.021841	0.122849	0.270709	0.280027	0.171044	0.0841634	0.0481735
48	0.322527	0.301905	0.226752	0.112421	0.0312691	0.00465801	0.000428878	3.43019e-05	3.76957e-06	9.25128e-07
49	3.34899e-17	1.01047e-10	3.24567e-07	6.09969e-05	0.00218583	0.0239402	0.104459	0.226987	0.30961	0.332757
50	0.322891	0.302169	0.226708	0.112116	0.0310533	0.0046017	0.000421749	3.36552e-05	3.69937e-06	9.08947e-07
51	0.329241	0.306775	0.225894	0.106795	0.0273398	0.00363599	0.000295928	2.12813e-05	2.17619e-06	5.15364e-07
52	0.00337251	0.0628557	0.244857	0.37227	0.239303	0.0668693	0.00940884	0.000931461	0.000106734	2.53107e-05
53	1.5173e-10	1.1663e-06	0.000145234	0.00319677	0.0249455	0.0910254	0.183292	0.23828	0.238538	0.220577
54	1.38555e-06	0.000529552	0.0121652	0.0780469	0.211287	0.283455	0.216033	0.113613	0.0537595	0.0311096
55	9.24889e-06	0.00340746	0.0667921	0.291192	0.393589	0.192839	0.0437506	0.00683822	0.00119889	0.00038295
56	0.000622088	0.0121146	0.0570959	0.138743	0.211452	0.217945	0.163421	0.0999321	0.058621	0.0400539
57	0.00147737	0.0283435	0.125167	0.258803	0.291556	0.187804	0.0751199	0.0223193	0.00658937	0.00282071
58	0.329082	0.306687	0.225998	0.106961	0.0273577	0.00360603	0.000286252	1.97225e-05	1.91998e-06	4.38827e-07
59	0.248207	0.241172	0.212858	0.156355	0.0882485	0.0367581	0.0116983	0.00325374	0.000996581	0.000453434
60	0.332253	0.308946	0.22547	0.104263	0.0256142	0.00319678	0.000239505	1.57573e-05	1.49495e-06	3.38736e-07
61	2.36821e-06	0.000898591	0.0200048	0.118798	0.278981	0.301906	0.174717	0.0680932	0.0246259	0.0119731
62	1.66291e-06	0.000634153	0.014429	0.0904046	0.234238	0.293777	0.204834	0.0972984	0.041773	0.0226102
63	0.321733	0.301322	0.226835	0.11308	0.0317515	0.00479003	0.000446823	3.60901e-05	3.98482e-06	9.78855e-07
64	4.9617e-13	7.46429e-08	4.47619e-05	0.00252446	0.0330851	0.143972	0.26164	0.254027	0.17829	0.126416
65	8.50846e-06	0.00314243	0.0622546	0.278371	0.393009	0.204076	0.0491794	0.00805155	0.00144406	0.00046312
66	7.87037e-07	0.00030467	0.00738034	0.0531762	0.170908	0.276373	0.245287	0.140443	0.0676234	0.0385036
67	1.17995e-09	8.92893e-06	0.00103879	0.0193367	0.110724	0.252275	0.275837	0.18234	0.0981888	0.0602514
68	0.328684	0.306391	0.226027	0.107286	0.0276102	0.00368111	0.000297678	2.10291e-05	2.1013e-06	4.89105e-07
69	0.248463	0.241403	0.212989	0.156317	0.0880748	0.0365727	0.0115791	0.00319512	0.000968803	0.000437041
70	0.321666	0.301273	0.226842	0.113136	0.0317919	0.00480101	0.000448294	3.62336e-05	4.00157e-06	9.82918e-07
71	0.323009	0.302265	0.226726	0.112033	0.0309564	0.00456036	0.000413031	3.23537e-05	3.48084e-06	8.41616e-07
72	0.289345	0.276221	0.225815	0.137426	0.0549434	0.0136341	0.00224512	0.000306335	4.96802e-05	1.49858e-05
73	0.00228093	0.0431851	0.180109	0.323928	0.283719	0.126552	0.0324018	0.00613831	0.00125424	0.000431623
74	0.00105667	0.0204136	0.0929143	0.207087	0.268528	0.215413	0.115724	0.0483867	0.0198365	0.0106401
75	0.32126	0.300973	0.226877	0.11347	0.0320447	0.00487351	0.000458814	3.73705e-05	4.15046e-06	1.02245e-06
76	0.00396431	0.0732146	0.274334	0.380904	0.21119	0.0495862	0.00611939	0.000593195	7.44209e-05	1.97891e-05
77	0.00346422	0.0644328	0.248892	0.371839	0.234399	0.065737	0.00988686	0.00114176	0.000161369	4.54199e-05

*** RUNNING MODEL 8 (Beta & w) ***
######################################

>Done in 575 seconds 

-2148.18433646042

------------------------------------------------

dN/dS = 0.391425 (sample variance = 0.22841)

Rate[1]=  0.00058259 (weight=0.0884864)
Rate[2]=  0.00639083 (weight=0.0884864)
Rate[3]=  0.02286046 (weight=0.0884864)
Rate[4]=  0.05400851 (weight=0.0884864)
Rate[5]=  0.10350784 (weight=0.0884864)
Rate[6]=  0.17519230 (weight=0.0884864)
Rate[7]=  0.27357223 (weight=0.0884864)
Rate[8]=  0.40474038 (weight=0.0884864)
Rate[9]=  0.57874684 (weight=0.0884864)
Rate[10]=  0.82222795 (weight=0.0884864)
Rate[11]=  1.52303176 (weight=0.1151362)

------------------------------------------------

 Sites with dN/dS>1 (Posterior cutoff = 0.5)

1 (0.541004)
2 (0.884491)
13 (0.782994)
22 (0.789819)
25 (0.883731)
37 (0.925579)
46 (0.931282)


------------------------------------------------

 Sites with dN/dS<=1 (Posterior cutoff = 0.5)

3 (0.00297322)
4 (0.0274973)
5 (0.0377237)
6 (1.988e-09)
7 (0.235788)
8 (5.03267e-07)
9 (0.400742)
10 (0.29126)
11 (0.0319637)
12 (0.15456)
14 (9.25271e-09)
15 (1.17163e-05)
16 (0.00940466)
17 (3.26645e-06)
18 (1.14473e-08)
19 (0.0583163)
20 (0.212808)
21 (0.000892258)
23 (3.44198e-07)
24 (5.07159e-09)
26 (0.000408617)
27 (7.98119e-07)
28 (6.73305e-07)
29 (0.053889)
30 (6.08485e-09)
31 (1.14473e-08)
32 (0.336876)
33 (0.0236731)
34 (0.00525968)
35 (0.464877)
36 (7.80042e-09)
38 (0.0506662)
39 (1.19208e-08)
40 (4.38418e-06)
41 (0.0129539)
42 (4.63563e-07)
43 (8.87376e-09)
44 (0.0643065)
45 (7.44198e-09)
47 (0.0053982)
48 (1.08765e-08)
49 (0.385704)
50 (1.07741e-08)
51 (5.7181e-09)
52 (1.57485e-07)
53 (0.186269)
54 (0.00402675)
55 (7.97707e-06)
56 (0.0101607)
57 (0.00011071)
58 (4.29415e-09)
59 (3.30548e-05)
60 (3.37115e-09)
61 (0.000815764)
62 (0.00221876)
63 (1.13847e-08)
64 (0.034578)
65 (8.85948e-06)
66 (0.00418572)
67 (0.00960105)
68 (5.09612e-09)
69 (3.03905e-05)
70 (1.14185e-08)
71 (9.37354e-09)
72 (2.6102e-07)
73 (9.23228e-06)
74 (0.00108048)
75 (1.19208e-08)
76 (2.54128e-07)
77 (6.15637e-07)


------------------------------------------------

Tabulated Posteriors for Each Site
Sites in Columns, Rate Classes in Rows
Import the following part into a data processing program
for further analysis


Rate/Site	Rate=0.000582593	Rate=0.00639083	Rate=0.0228605	Rate=0.0540085	Rate=0.103508	Rate=0.175192	Rate=0.273572	Rate=0.40474	Rate=0.578747	Rate=0.822228	Rate=1.52303
1	4.05698e-21	7.49729e-14	5.10393e-10	1.7461e-07	1.23573e-05	0.00031946	0.00397513	0.0276083	0.116229	0.310852	0.541004
2	4.45985e-31	1.09096e-20	3.42508e-15	1.56534e-11	7.93588e-09	1.01428e-06	4.88995e-05	0.00111067	0.0135999	0.100748	0.884491
3	3.54809e-13	5.21172e-08	2.44648e-05	0.00118788	0.0159614	0.0871571	0.230967	0.323283	0.245206	0.0932401	0.00297322
4	2.34666e-11	3.24903e-07	4.68518e-05	0.00114866	0.0106056	0.050419	0.142612	0.25668	0.29895	0.21204	0.0274973
5	6.0466e-14	9.09068e-09	4.55685e-06	0.0002502	0.00407407	0.0291777	0.110688	0.244006	0.324227	0.249849	0.0377237
6	0.308407	0.2793	0.211095	0.124886	0.0549094	0.0171676	0.00367091	0.000516483	4.5212e-05	2.02838e-06	1.988e-09
7	1.57401e-17	2.6282e-11	4.88e-08	6.75809e-06	0.000233591	0.00327063	0.0234391	0.0972216	0.2481	0.391939	0.235788
8	0.00651999	0.065493	0.182671	0.270573	0.249397	0.149461	0.058569	0.0148049	0.00231926	0.000190362	5.03267e-07
9	2.83461e-23	5.63187e-15	1.29634e-10	9.44386e-08	1.09316e-05	0.000385036	0.00567112	0.0415369	0.166805	0.384849	0.400742
10	1.29867e-17	2.16778e-11	4.02234e-08	5.567e-06	0.000192583	0.00270936	0.0196609	0.0836316	0.223058	0.379482	0.29126
11	5.93266e-14	8.92858e-09	4.48828e-06	0.000247666	0.00406095	0.0293188	0.112047	0.247916	0.327785	0.246657	0.0319637
12	3.06669e-09	3.94444e-06	0.000167759	0.00192629	0.0108964	0.0385946	0.0959886	0.177744	0.25144	0.268679	0.15456
13	2.18494e-16	3.41903e-11	1.91921e-08	1.3038e-06	2.96867e-05	0.000343193	0.00247917	0.0125956	0.0485572	0.153	0.782994
14	0.294315	0.269616	0.210472	0.132243	0.0638159	0.0227026	0.00573251	0.000986994	0.000109124	6.37233e-06	9.25271e-09
15	4.08541e-05	0.00449686	0.0447342	0.155749	0.27326	0.27518	0.167582	0.062836	0.0143441	0.00176581	1.17163e-05
16	5.02968e-06	0.000584516	0.00677646	0.0313987	0.0858956	0.161011	0.220452	0.225503	0.170682	0.088286	0.00940466
17	4.67306e-05	0.00511965	0.050255	0.170584	0.287311	0.272435	0.152464	0.0509048	0.00990981	0.00096841	3.26645e-06
18	0.293758	0.269204	0.210375	0.132472	0.0641801	0.0229874	0.00587024	0.00102931	0.000117081	7.13813e-06	1.14473e-08
19	1.685e-11	2.339e-07	3.39812e-05	0.000845205	0.00799136	0.0393917	0.117496	0.228312	0.297191	0.250422	0.0583163
20	2.18531e-17	3.63615e-11	6.68538e-08	9.09031e-06	0.000305461	0.00411347	0.0280475	0.109587	0.261351	0.383778	0.212808
21	5.12079e-08	6.33958e-05	0.00242005	0.0226744	0.0931062	0.208716	0.280735	0.234896	0.121484	0.0350133	0.000892258
22	6.78042e-22	1.25903e-14	8.69298e-11	3.06068e-08	2.27841e-06	6.39345e-05	0.000901942	0.00752681	0.0411279	0.160558	0.789819
23	0.00678034	0.0679313	0.188092	0.274851	0.248103	0.14445	0.054531	0.013162	0.00194941	0.000149161	3.44198e-07
24	0.302429	0.27522	0.210895	0.128051	0.0586627	0.019457	0.00450706	0.000703747	7.02897e-05	3.72835e-06	5.07159e-09
25	4.39685e-28	9.7768e-19	8.51881e-14	1.63058e-10	4.27351e-08	3.22781e-06	0.00010177	0.00165116	0.0157199	0.0987932	0.883731
26	0.00227706	0.0240131	0.0768186	0.146971	0.201608	0.210617	0.170193	0.105265	0.0478544	0.013974	0.000408617
27	0.00623186	0.0627767	0.176504	0.265392	0.250423	0.155119	0.063497	0.016959	0.00284236	0.000253751	7.98119e-07
28	0.00652163	0.0654937	0.182564	0.270207	0.248995	0.149479	0.0589515	0.0151315	0.00244386	0.000212193	6.73305e-07
29	7.12924e-09	9.09224e-06	0.000377514	0.00414277	0.0218158	0.0697315	0.150941	0.233163	0.261273	0.204656	0.053889
30	0.298739	0.272703	0.210778	0.130014	0.060985	0.0208647	0.00501342	0.00081372	8.42175e-05	4.58286e-06	6.08485e-09
31	0.293758	0.269204	0.210375	0.132472	0.0641801	0.0229874	0.00587024	0.00102931	0.000117081	7.13813e-06	1.14473e-08
32	1.14004e-09	1.47807e-06	6.42956e-05	0.000770235	0.00465765	0.0181468	0.0513104	0.112239	0.196573	0.279361	0.336876
33	1.09429e-08	1.38859e-05	0.000568396	0.00607253	0.0306549	0.0922284	0.183918	0.255052	0.248124	0.159695	0.0236731
34	1.83926e-08	2.31979e-05	0.000933285	0.00964653	0.0461598	0.128263	0.228483	0.270859	0.211775	0.0985967	0.00525968
35	1.45771e-23	2.91429e-15	6.82623e-11	5.13623e-08	6.24686e-06	0.000235439	0.00377785	0.0306408	0.138122	0.36234	0.464877
36	0.298463	0.272488	0.210705	0.130108	0.0611718	0.0210286	0.00509924	0.000841421	8.95664e-05	5.10799e-06	7.80042e-09
37	6.04744e-23	1.13543e-15	8.08928e-12	3.02149e-09	2.46932e-07	7.92241e-06	0.000133999	0.00141808	0.0105372	0.0623236	0.925579
38	1.51488e-06	0.000179991	0.00221929	0.0115026	0.0371997	0.0870978	0.15681	0.221056	0.241342	0.191925	0.0506662
39	0.292036	0.268003	0.210262	0.133348	0.065286	0.0236982	0.00614232	0.00109208	0.0001254	7.65188e-06	1.19208e-08
40	0.00475552	0.0486692	0.143066	0.23363	0.250276	0.18453	0.0941813	0.0326653	0.00732752	0.000895287	4.38418e-06
41	4.68059e-06	0.000544436	0.00632803	0.029466	0.0812622	0.154198	0.214919	0.225575	0.177322	0.0974272	0.0129539
42	0.00654954	0.0657712	0.1833	0.271096	0.249285	0.148885	0.0580728	0.0145892	0.00226662	0.000183775	4.63563e-07
43	0.296294	0.270984	0.210578	0.131218	0.0625533	0.0219092	0.00543665	0.000920824	0.000100667	5.874e-06	8.87376e-09
44	5.56461e-09	7.12095e-06	0.000298506	0.00333461	0.0180505	0.0599437	0.136296	0.223463	0.268085	0.226216	0.0643065
45	0.298046	0.272212	0.21071	0.130346	0.0614319	0.0211706	0.00514137	0.000847374	8.9661e-05	5.04671e-06	7.44198e-09
46	1.16823e-27	5.44983e-19	3.48441e-14	6.22313e-11	1.62673e-08	1.26583e-06	4.21913e-05	0.000744099	0.00798254	0.0599482	0.931282
47	1.88734e-08	2.37909e-05	0.000955629	0.00984899	0.0469254	0.129652	0.229421	0.270106	0.210007	0.097661	0.0053982
48	0.293441	0.268994	0.210383	0.132658	0.0643802	0.0230923	0.00589711	0.00103076	0.000116265	6.97971e-06	1.08765e-08
49	3.59709e-15	5.5426e-10	2.97832e-07	1.86355e-05	0.000372667	0.00357691	0.0200934	0.073509	0.185573	0.331153	0.385704
50	0.293867	0.269291	0.210412	0.132443	0.0641071	0.0229157	0.00582885	0.00101478	0.000114104	6.84397e-06	1.07741e-08
51	0.30104	0.274273	0.21085	0.128787	0.0595344	0.0199876	0.00470021	0.000746847	7.60433e-05	4.1171e-06	5.7181e-09
52	0.00616391	0.0621972	0.175646	0.265887	0.252504	0.156386	0.0628515	0.0158648	0.00233968	0.000159916	1.57485e-07
53	2.53756e-09	3.26981e-06	0.000139781	0.00162042	0.00930272	0.0336375	0.0859555	0.164703	0.243202	0.275166	0.186269
54	7.16419e-06	0.000827297	0.00942025	0.0422006	0.109495	0.190399	0.23589	0.212413	0.137221	0.0581002	0.00402675
55	4.15193e-05	0.00456837	0.0453951	0.157688	0.275504	0.275423	0.165648	0.0608018	0.0133808	0.00154157	7.97707e-06
56	0.00128247	0.0137122	0.045616	0.0939906	0.145115	0.180067	0.18456	0.157145	0.109638	0.0587145	0.0101607
57	0.00274864	0.028812	0.0906101	0.167858	0.218796	0.212347	0.155195	0.0840505	0.0320996	0.00737207	0.00011071
58	0.300876	0.274192	0.210918	0.128934	0.0596213	0.0199833	0.00466931	0.000730558	7.21163e-05	3.68774e-06	4.29415e-09
59	0.214338	0.20644	0.185615	0.151872	0.110549	0.0699895	0.0375798	0.0165669	0.00569219	0.00132355	3.30548e-05
60	0.304489	0.276651	0.211024	0.127004	0.0573512	0.0186139	0.0041795	0.000624944	5.8876e-05	2.88872e-06	3.37115e-09
61	1.14699e-05	0.00131197	0.0145426	0.0619318	0.148371	0.230204	0.244621	0.180483	0.0903886	0.0273192	0.000815764
62	8.39076e-06	0.000966107	0.0109101	0.0481179	0.121804	0.204416	0.241297	0.203801	0.120973	0.0454876	0.00221876
63	0.292568	0.26838	0.210311	0.13309	0.0649422	0.0234651	0.00604632	0.0010675	0.000121617	7.35953e-06	1.13847e-08
64	2.09207e-11	2.89985e-07	4.19526e-05	0.00103492	0.00965049	0.0465485	0.134353	0.248541	0.300435	0.224817	0.034578
65	3.83153e-05	0.00422943	0.0424079	0.149775	0.268325	0.277412	0.173818	0.0667758	0.0153746	0.00183495	8.85948e-06
66	4.12675e-06	0.000485065	0.00579492	0.0281966	0.0819239	0.162756	0.231833	0.2379	0.170653	0.0762679	0.00418572
67	1.68461e-08	2.12568e-05	0.000856345	0.0088771	0.042717	0.119923	0.217572	0.266327	0.220258	0.113847	0.00960105
68	0.30042	0.273866	0.21087	0.129149	0.0599166	0.0201883	0.00475633	0.000753738	7.58828e-05	4.00348e-06	5.09612e-09
69	0.214609	0.206679	0.185769	0.151903	0.110458	0.0698216	0.0374009	0.0164279	0.00561084	0.00129015	3.03905e-05
70	0.292489	0.268324	0.210305	0.133129	0.0649935	0.023499	0.00605983	0.0010708	0.000122091	7.39226e-06	1.14185e-08
71	0.293977	0.26938	0.210448	0.132413	0.0640328	0.0228436	0.00578757	0.00100013	0.00011096	6.49501e-06	9.37354e-09
72	0.257357	0.242076	0.203569	0.146881	0.08774	0.0419169	0.0154302	0.00417801	0.00077289	7.95382e-05	2.6102e-07
73	0.00417621	0.0430212	0.128818	0.217719	0.245988	0.195313	0.109692	0.0427433	0.0109663	0.00155451	9.23228e-06
74	0.00200342	0.0212006	0.0684919	0.133517	0.188746	0.206103	0.17722	0.119376	0.0610525	0.0212079	0.00108048
75	0.292036	0.268003	0.210262	0.133348	0.065286	0.0236982	0.00614232	0.00109208	0.0001254	7.65188e-06	1.19208e-08
76	0.00726742	0.0724559	0.197887	0.281931	0.24487	0.135331	0.0479119	0.0107574	0.00148144	0.000106762	2.54128e-07
77	0.00633791	0.0637808	0.178815	0.267415	0.250163	0.153025	0.0615638	0.016065	0.00261023	0.000223018	6.15637e-07
