
*** RUNNING MODEL 7 (Beta) ***
######################################

>Done in 545 seconds 

-1241.59099163018

------------------------------------------------

dN/dS = 0.0355769 (sample variance = 0.00285996)

Rate[1]=  0.00001689 (weight=0.1000000)
Rate[2]=  0.00027008 (weight=0.1000000)
Rate[3]=  0.00122378 (weight=0.1000000)
Rate[4]=  0.00343059 (weight=0.1000000)
Rate[5]=  0.00756809 (weight=0.1000000)
Rate[6]=  0.01457802 (weight=0.1000000)
Rate[7]=  0.02598772 (weight=0.1000000)
Rate[8]=  0.04478804 (weight=0.1000000)
Rate[9]=  0.07878020 (weight=0.1000000)
Rate[10]=  0.17912548 (weight=0.1000000)

------------------------------------------------

 No rate classes with dN/dS>1.

------------------------------------------------

Tabulated Posteriors for Each Site
Sites in Columns, Rate Classes in Rows
Import the following part into a data processing program
for further analysis


Rate/Site	Rate=1.68885e-05	Rate=0.000270084	Rate=0.00122378	Rate=0.00343059	Rate=0.00756809	Rate=0.014578	Rate=0.0259877	Rate=0.044788	Rate=0.0787802	Rate=0.179125
1	0.126771	0.126474	0.125363	0.122829	0.118217	0.110801	0.0997221	0.0838579	0.0613661	0.0245986
2	0.118299	0.118123	0.117461	0.115945	0.113155	0.108583	0.101536	0.0909206	0.0744928	0.0414835
3	0.132879	0.132475	0.130967	0.127543	0.121368	0.111589	0.0973527	0.0777972	0.0519745	0.0160541
4	0.120549	0.120343	0.119571	0.117805	0.114566	0.109282	0.101205	0.0891969	0.0710328	0.0364498
5	9.00096e-05	0.00143718	0.00647337	0.0178984	0.038478	0.0709426	0.117761	0.180423	0.256438	0.310058
6	2.77553e-12	1.1329e-08	1.04589e-06	2.26364e-05	0.000235112	0.00158876	0.0082164	0.0362058	0.150423	0.803307
7	0.000125371	0.00199964	0.00897027	0.0245701	0.0518998	0.092886	0.146934	0.208062	0.256903	0.20765
8	0.116526	0.116371	0.115788	0.114452	0.11199	0.107942	0.101671	0.0921416	0.0771713	0.0459465
9	0.127116	0.126814	0.125682	0.123102	0.118407	0.110864	0.0996126	0.0835358	0.0608294	0.0240366
10	9.8898e-05	0.00157861	0.00710216	0.0195843	0.0418922	0.0765912	0.125436	0.188068	0.257482	0.282167
11	0.120741	0.120532	0.119748	0.117953	0.114664	0.109304	0.101125	0.0889955	0.0707238	0.0362146
12	0.121077	0.120865	0.120067	0.118242	0.114895	0.109443	0.101123	0.088787	0.0702181	0.0352831
13	0.129595	0.129252	0.127965	0.125038	0.119732	0.111257	0.0987425	0.0811504	0.0569895	0.0202774
14	0.132679	0.132279	0.130785	0.127392	0.12127	0.111572	0.0974408	0.0780038	0.052278	0.0163005
15	0.124872	0.124603	0.123598	0.121303	0.117117	0.110361	0.100207	0.0855195	0.0643199	0.0281
16	2.63717e-08	6.72811e-06	0.000136868	0.00105288	0.0049235	0.0170742	0.0486143	0.120532	0.26936	0.538299
17	0.125988	0.125702	0.124633	0.122193	0.11775	0.110598	0.099894	0.0845175	0.0625866	0.0261385
18	1.80964e-08	4.62036e-06	9.42576e-05	0.000729863	0.00345518	0.0122338	0.036027	0.0944034	0.232967	0.620084
19	0.115654	0.11551	0.114967	0.11372	0.11142	0.107631	0.101743	0.0927484	0.0784905	0.0481144
20	0.121072	0.120859	0.120062	0.118237	0.114892	0.109442	0.101125	0.0887928	0.0702266	0.0352911
21	9.84222e-05	0.00157104	0.00706847	0.0194938	0.0417084	0.0762855	0.125016	0.187639	0.257395	0.283724
22	0.126262	0.125972	0.124887	0.122413	0.11791	0.110662	0.0998255	0.084279	0.0621601	0.0256291
23	0.121301	0.121085	0.120276	0.118425	0.115032	0.109506	0.101082	0.0886074	0.0698724	0.0348137
24	0.129575	0.129231	0.127946	0.125022	0.119722	0.111255	0.0987505	0.0811709	0.0570213	0.0203061
25	0.128928	0.128595	0.127351	0.124519	0.11938	0.111159	0.0989861	0.0818008	0.0580216	0.021259
26	0.127303	0.126996	0.125848	0.123231	0.118475	0.110841	0.0994777	0.0832928	0.060545	0.0239901
27	0.11964	0.119447	0.118721	0.117057	0.114002	0.109009	0.101352	0.089907	0.0724335	0.0384311
28	0.126445	0.126153	0.125056	0.122555	0.118004	0.110684	0.0997514	0.0840933	0.0618756	0.0253837
29	0.12169	0.121468	0.120636	0.118733	0.115247	0.10958	0.100959	0.0882415	0.0692588	0.0341866
30	8.81558e-05	0.00140763	0.00634116	0.0175385	0.0377281	0.069638	0.115823	0.178101	0.255108	0.318226
31	0.127215	0.12691	0.125767	0.123163	0.118428	0.110828	0.0995101	0.0833794	0.0606823	0.0241176
32	0.120991	0.12078	0.119987	0.118173	0.114847	0.109425	0.101149	0.0888671	0.0703549	0.0354264
33	0.12368	0.12343	0.122495	0.12036	0.116456	0.110133	0.100577	0.0866253	0.0661788	0.0300647
34	0.126414	0.126123	0.125032	0.122544	0.118015	0.110726	0.0998239	0.0841805	0.0619222	0.0252193
35	0.13258	0.132183	0.130695	0.127317	0.121222	0.111563	0.0974841	0.0781056	0.0524277	0.0164224
36	0.127356	0.12705	0.125903	0.123289	0.118535	0.110901	0.0995274	0.0833044	0.0604585	0.0236763
37	0.128132	0.127813	0.12662	0.1239	0.118961	0.111042	0.0992776	0.0825773	0.0592524	0.0224247
38	0.12858	0.128254	0.127033	0.124252	0.119202	0.111117	0.0991251	0.0821501	0.0585572	0.0217297
39	0.130851	0.130485	0.129116	0.126005	0.120375	0.111413	0.0982461	0.0798956	0.0550584	0.0185547
40	0.122482	0.122249	0.121374	0.119375	0.115718	0.109783	0.100783	0.0875752	0.0680302	0.0326303
41	0.122846	0.122609	0.12172	0.119688	0.115971	0.109937	0.100786	0.0873525	0.0674789	0.0316124
42	0.129775	0.129429	0.128131	0.125178	0.119827	0.111283	0.0986758	0.0809743	0.0567115	0.0200158
43	0.119162	0.118974	0.11827	0.116657	0.113692	0.108844	0.1014	0.0902481	0.0731596	0.0395921
44	0.121462	0.121243	0.120423	0.118545	0.115105	0.109511	0.100995	0.0884187	0.0696104	0.0346872
45	0.12104	0.120828	0.120032	0.11821	0.11487	0.109427	0.101123	0.0888094	0.0702736	0.0353876
46	0.129217	0.12888	0.127618	0.124745	0.119535	0.111206	0.0988856	0.0815233	0.0575733	0.0208169
47	0.130851	0.130485	0.129116	0.126005	0.120375	0.111413	0.0982461	0.0798956	0.0550584	0.0185547
48	0.118279	0.118103	0.117442	0.115928	0.113142	0.108575	0.101538	0.0909345	0.0745234	0.0415348
49	0.127416	0.127109	0.125959	0.123338	0.118572	0.110918	0.0995158	0.0832547	0.0603635	0.0235542
50	0.131353	0.130978	0.129575	0.126388	0.120625	0.111463	0.098033	0.0793819	0.0542909	0.0179118
51	0.129538	0.129195	0.127912	0.124994	0.119702	0.111249	0.0987639	0.081207	0.0570787	0.0203611
52	0.126036	0.125749	0.124675	0.122226	0.117766	0.110588	0.099854	0.0844494	0.0625119	0.0261449
53	0.122217	0.121988	0.12113	0.119167	0.115574	0.109737	0.100873	0.0878289	0.0684463	0.0330382
54	0.121081	0.120868	0.12007	0.118245	0.114897	0.109443	0.101121	0.0887831	0.0702118	0.0352798
55	0.000115715	0.00184613	0.00829033	0.0227628	0.0483008	0.0871109	0.139526	0.20165	0.25828	0.232116
56	0.126487	0.126195	0.125099	0.122602	0.118054	0.110737	0.0997981	0.0841098	0.0618083	0.0251097
57	0.125218	0.124945	0.123922	0.121589	0.117333	0.110465	0.100151	0.0852475	0.0637824	0.0273466
58	0.129058	0.128724	0.127471	0.124621	0.119449	0.111179	0.0989397	0.0816747	0.0578196	0.0210632
59	0.126083	0.125796	0.124719	0.122265	0.117796	0.110604	0.0998494	0.0844154	0.0624393	0.0260332
60	0.124487	0.124226	0.123244	0.121004	0.116915	0.110305	0.10035	0.0858985	0.0649195	0.0286495
61	0.126141	0.125853	0.124772	0.122308	0.117823	0.110607	0.09982	0.0843509	0.062349	0.0259759
62	0.120617	0.12041	0.119633	0.117854	0.114592	0.109276	0.101157	0.0891047	0.0709171	0.0364384
63	0.119934	0.119737	0.118994	0.117295	0.114175	0.109081	0.101282	0.0896534	0.0719729	0.037875
64	0.127616	0.127304	0.126135	0.123474	0.118637	0.110884	0.099359	0.0829844	0.0600628	0.0235438
65	0.119908	0.119711	0.118971	0.117278	0.11417	0.109093	0.101314	0.0897028	0.0720224	0.0378308
66	0.118269	0.118093	0.117434	0.115922	0.113141	0.108582	0.101553	0.0909567	0.0745442	0.0415053
67	0.126589	0.126295	0.125195	0.122685	0.118116	0.110765	0.099778	0.0840262	0.0616498	0.0248995
68	0.121622	0.121402	0.120577	0.118688	0.115228	0.109598	0.101023	0.0883487	0.0693748	0.0341393
69	0.128004	0.127687	0.126501	0.1238	0.118892	0.111022	0.0993227	0.0827009	0.0594515	0.0226193
70	0.000120539	0.00192283	0.00863017	0.0236667	0.0501032	0.0900101	0.143262	0.204923	0.257679	0.219682
71	0.127346	0.127039	0.125888	0.123266	0.118499	0.110851	0.0994664	0.0832551	0.0604785	0.0239124
72	8.74818e-05	0.0013969	0.0062933	0.0174093	0.0374627	0.0691879	0.115183	0.177395	0.254833	0.320752
73	2.28816e-12	9.34263e-09	8.6354e-07	1.87414e-05	0.000195666	0.00133382	0.00699651	0.0315559	0.136685	0.823213
74	0.129496	0.129153	0.127867	0.124943	0.119643	0.111184	0.0987034	0.0811815	0.0571558	0.0206721
75	0.00011773	0.00187816	0.0084322	0.0231398	0.0490513	0.0883142	0.141067	0.202977	0.257976	0.227046
76	0.000105693	0.00168672	0.00758249	0.0208703	0.044489	0.0808657	0.131191	0.193683	0.257979	0.261547
77	0.127973	0.127657	0.126472	0.123773	0.11887	0.111008	0.0993218	0.08272	0.0595004	0.0227042
78	0.122042	0.121816	0.120966	0.119022	0.115464	0.109682	0.100897	0.087961	0.068714	0.0334357
79	0.129194	0.128857	0.127596	0.124726	0.11952	0.111198	0.0988885	0.0815408	0.0576096	0.0208683
80	1.73873e-08	4.43956e-06	9.05893e-05	0.00070182	0.00332567	0.0117951	0.0348337	0.0917242	0.228531	0.628993
81	0.129538	0.129195	0.127912	0.124994	0.119702	0.111249	0.0987639	0.081207	0.0570787	0.0203611
82	0.000125106	0.00199543	0.00895163	0.0245207	0.0518017	0.0927298	0.146737	0.207897	0.256954	0.208288
83	0.125032	0.124761	0.123746	0.121429	0.117206	0.110391	0.100157	0.085371	0.0640711	0.0278367
84	0.000111763	0.00178327	0.00801113	0.0220159	0.0467952	0.0846401	0.136219	0.19847	0.258118	0.243836

*** RUNNING MODEL 8 (Beta & w) ***
######################################

>Done in 809 seconds 

-1241.68275425597

------------------------------------------------

dN/dS = 0.0392561 (sample variance = 0.0208656)

Rate[1]=  0.00014465 (weight=0.0998858)
Rate[2]=  0.00107099 (weight=0.0998858)
Rate[3]=  0.00304879 (weight=0.0998858)
Rate[4]=  0.00624452 (weight=0.0998858)
Rate[5]=  0.01092837 (weight=0.0998858)
Rate[6]=  0.01756211 (weight=0.0998858)
Rate[7]=  0.02699220 (weight=0.0998858)
Rate[8]=  0.04098505 (weight=0.0998858)
Rate[9]=  0.06429814 (weight=0.0998858)
Rate[10]=  0.17556296 (weight=0.0998858)
Rate[11]=  4.03882938 (weight=0.0011419)

------------------------------------------------

 Sites with dN/dS>1 (Posterior cutoff = 0.5)



------------------------------------------------

 Sites with dN/dS<=1 (Posterior cutoff = 0.5)

1 (3.01532e-15)
2 (2.38293e-12)
3 (3.81908e-16)
4 (7.94517e-13)
5 (2.38524e-11)
6 (5.36955e-08)
7 (2.75206e-14)
8 (2.03513e-10)
9 (2.38841e-15)
10 (6.63338e-10)
11 (1.05111e-11)
12 (2.79012e-13)
13 (2.16039e-16)
14 (5.05801e-16)
15 (8.60303e-13)
16 (7.88977e-11)
17 (4.29539e-13)
18 (3.43816e-09)
19 (1.07073e-10)
20 (6.46393e-13)
21 (5.76943e-10)
22 (3.79883e-13)
23 (2.93184e-13)
24 (2.17294e-16)
25 (5.42584e-16)
26 (4.12698e-13)
27 (1.44799e-12)
28 (4.6088e-13)
29 (5.7933e-12)
30 (3.88923e-09)
31 (2.94966e-13)
32 (6.06889e-14)
33 (3.14312e-14)
34 (6.29444e-15)
35 (5.82491e-16)
36 (1.04094e-15)
37 (3.35779e-16)
38 (1.40876e-16)
39 (3.19542e-16)
40 (2.75256e-12)
41 (1.04574e-14)
42 (1.45358e-16)
43 (8.57579e-11)
44 (5.97844e-12)
45 (6.78819e-13)
46 (2.33782e-16)
47 (3.19542e-16)
48 (3.46625e-12)
49 (1.71011e-15)
50 (3.62353e-16)
51 (2.37493e-16)
52 (1.26758e-12)
53 (6.34936e-13)
54 (6.15436e-13)
55 (5.50259e-13)
56 (1.16622e-14)
57 (1.21728e-13)
58 (4.14859e-16)
59 (5.115e-13)
60 (1.14221e-13)
61 (1.52736e-12)
62 (1.01873e-11)
63 (5.12792e-12)
64 (4.42846e-13)
65 (1.38975e-12)
66 (7.61162e-13)
67 (1.55153e-15)
68 (2.39332e-13)
69 (2.59658e-16)
70 (8.94213e-14)
71 (3.81067e-13)
72 (8.32883e-09)
73 (5.01532e-07)
74 (7.0032e-13)
75 (1.29713e-12)
76 (4.4776e-10)
77 (9.04671e-16)
78 (4.0526e-12)
79 (5.10175e-16)
80 (1.55686e-07)
81 (2.37493e-16)
82 (2.85377e-14)
83 (1.34596e-12)
84 (3.4655e-11)


------------------------------------------------

Tabulated Posteriors for Each Site
Sites in Columns, Rate Classes in Rows
Import the following part into a data processing program
for further analysis


Rate/Site	Rate=0.000144654	Rate=0.00107099	Rate=0.00304879	Rate=0.00624452	Rate=0.0109284	Rate=0.0175621	Rate=0.0269922	Rate=0.0409851	Rate=0.0642981	Rate=0.175563	Rate=4.03883
1	0.126846	0.125761	0.123476	0.119871	0.114779	0.10794	0.0989225	0.0869267	0.0701181	0.0253591	3.01532e-15
2	0.118128	0.117483	0.11612	0.113951	0.110846	0.106594	0.100832	0.0928579	0.0809633	0.0422248	2.38293e-12
3	0.133324	0.131846	0.128746	0.123892	0.117112	0.108149	0.0965915	0.0817097	0.0618938	0.0167356	3.81908e-16
4	0.120418	0.119667	0.118078	0.115556	0.111958	0.107056	0.100461	0.0914263	0.0781676	0.0372128	7.94517e-13
5	0.000753738	0.00554827	0.0156001	0.0313192	0.0532267	0.0820547	0.118876	0.165331	0.224036	0.303254	2.38524e-11
6	1.91848e-09	7.72842e-07	1.7548e-05	0.000146961	0.000758678	0.00298562	0.0100517	0.0314659	0.100896	0.853677	5.36955e-08
7	0.00101417	0.00743583	0.0207316	0.0410583	0.0684018	0.102523	0.142726	0.187165	0.230153	0.198793	2.75206e-14
8	0.11634	0.115773	0.114572	0.112659	0.109914	0.106144	0.10101	0.0938584	0.0830757	0.0466527	2.03513e-10
9	0.127209	0.126103	0.123775	0.120104	0.114923	0.10797	0.0988124	0.0866517	0.0696585	0.0247933	2.38841e-15
10	0.00082061	0.0060337	0.0169242	0.0338461	0.0571978	0.0874817	0.125339	0.171527	0.226451	0.274378	6.63338e-10
11	0.12062	0.119857	0.118242	0.115681	0.112029	0.107059	0.100382	0.0912542	0.0778984	0.0369769	1.05111e-11
12	0.120957	0.12018	0.118538	0.115932	0.112217	0.107162	0.100369	0.0910857	0.0775082	0.0360517	2.79012e-13
13	0.12982	0.128562	0.125917	0.12176	0.115916	0.108123	0.0979484	0.0846089	0.0663385	0.0210075	2.16039e-16
14	0.13311	0.131646	0.128574	0.123763	0.117041	0.10815	0.0966774	0.0818891	0.062165	0.0169856	5.05801e-16
15	0.124876	0.123895	0.121826	0.118559	0.113932	0.107693	0.099422	0.0883326	0.0725953	0.0288702	8.60303e-13
16	2.07046e-06	0.000112482	0.000894245	0.00363723	0.0106467	0.0257885	0.0556202	0.112065	0.220478	0.570755	7.88977e-11
17	0.126038	0.124994	0.122794	0.119323	0.114416	0.107818	0.0991033	0.0874821	0.0711301	0.0269019	4.29539e-13
18	1.43244e-06	7.80354e-05	0.000624059	0.00256255	0.00760615	0.01879	0.0416734	0.087504	0.184341	0.656819	3.43816e-09
19	0.115461	0.114933	0.113812	0.112026	0.109459	0.105926	0.101103	0.0943563	0.0841185	0.0488036	1.07073e-10
20	0.12095	0.120174	0.118532	0.115928	0.112215	0.107162	0.100372	0.0910909	0.0775162	0.0360603	6.46393e-13
21	0.000817089	0.00600812	0.0168543	0.0337124	0.0569869	0.0871916	0.12499	0.171185	0.226297	0.275958	5.76943e-10
22	0.12632	0.125261	0.12303	0.119511	0.114538	0.107855	0.099033	0.0872818	0.0707752	0.0263939	3.79883e-13
23	0.121187	0.120398	0.118732	0.11609	0.112325	0.107202	0.100325	0.090935	0.0772243	0.0355815	2.93184e-13
24	0.129798	0.128541	0.125899	0.121746	0.115908	0.108122	0.0979562	0.0846265	0.0663661	0.0210363	2.17294e-16
25	0.129115	0.127898	0.12534	0.121316	0.115653	0.108088	0.0981895	0.085167	0.0672352	0.0219972	5.42584e-16
26	0.127413	0.126291	0.12393	0.12021	0.114963	0.107931	0.0986863	0.0864398	0.0693877	0.0247464	4.12698e-13
27	0.119491	0.118783	0.117287	0.11491	0.111515	0.106879	0.100623	0.0920179	0.0793057	0.0391884	1.44799e-12
28	0.126514	0.125443	0.123188	0.119631	0.114607	0.107859	0.0989608	0.0871227	0.0705267	0.0261478	4.6088e-13
29	0.121593	0.120782	0.119068	0.116353	0.112487	0.107237	0.100202	0.0906242	0.0767021	0.0349525	5.7933e-12
30	0.000739666	0.00544543	0.0153154	0.0307626	0.0523196	0.0807451	0.117174	0.163405	0.222555	0.311539	3.88923e-09
31	0.127321	0.126205	0.123855	0.120152	0.114929	0.107927	0.0987181	0.0865132	0.0695057	0.0248733	2.94966e-13
32	0.120868	0.120096	0.118464	0.115874	0.112181	0.107153	0.100395	0.0911529	0.0776227	0.0361933	6.06889e-14
33	0.123633	0.122722	0.120798	0.117753	0.113431	0.107584	0.0997926	0.0892717	0.0741759	0.0308386	3.14312e-14
34	0.126473	0.125409	0.123165	0.119626	0.114624	0.107901	0.0990261	0.0872014	0.0705899	0.0259838	6.29444e-15
35	0.133004	0.131547	0.128489	0.123699	0.117006	0.10815	0.0967197	0.0819776	0.0622988	0.0171094	5.82491e-16
36	0.127461	0.12634	0.123981	0.120264	0.115019	0.107984	0.0987281	0.0864538	0.069338	0.0244311	1.04094e-15
37	0.128274	0.127108	0.124653	0.120788	0.11534	0.108048	0.0984779	0.0858336	0.0683052	0.0231727	3.35779e-16
38	0.128745	0.127552	0.12504	0.121088	0.115522	0.108079	0.0983259	0.0854681	0.067706	0.0224728	1.40876e-16
39	0.131151	0.129812	0.126999	0.122583	0.116391	0.108159	0.0974615	0.0835293	0.0646455	0.0192698	3.19542e-16
40	0.122407	0.121555	0.119755	0.116904	0.112852	0.107358	0.100018	0.090065	0.0756864	0.0334001	2.75256e-12
41	0.122771	0.121905	0.120075	0.117178	0.113058	0.107473	0.100008	0.0898848	0.0752612	0.0323857	1.04574e-14
42	0.13001	0.128741	0.126072	0.121879	0.115987	0.108131	0.0978825	0.0844575	0.0660963	0.0207436	1.45358e-16
43	0.119007	0.118321	0.11687	0.114564	0.111268	0.106765	0.100681	0.0922991	0.0798836	0.0403423	8.57579e-11
44	0.121363	0.120562	0.118872	0.116193	0.112377	0.107192	0.100241	0.0907701	0.0769843	0.0354468	5.97844e-12
45	0.120921	0.120145	0.118506	0.115905	0.112197	0.10715	0.10037	0.0911033	0.0775498	0.0361539	6.78819e-13
46	0.129419	0.128185	0.12559	0.121509	0.11577	0.108107	0.0980896	0.0849296	0.0668482	0.0215521	2.33782e-16
47	0.131151	0.129812	0.126999	0.122583	0.116391	0.108159	0.0974615	0.0835293	0.0646455	0.0192698	3.19542e-16
48	0.118106	0.117463	0.116102	0.113936	0.110835	0.106589	0.100834	0.0928697	0.0809883	0.0422774	3.46625e-12
49	0.127523	0.126399	0.124034	0.120307	0.115047	0.107995	0.0987155	0.086412	0.0692597	0.0243086	1.71011e-15
50	0.131687	0.130314	0.127431	0.122909	0.116574	0.108163	0.0972533	0.0830848	0.0639644	0.0186188	3.62353e-16
51	0.129759	0.128504	0.125867	0.121721	0.115894	0.10812	0.0979696	0.0846575	0.0664162	0.0210921	2.37493e-16
52	0.126092	0.125044	0.122834	0.119349	0.114424	0.107804	0.0990659	0.0874221	0.0710567	0.0269073	1.26758e-12
53	0.122131	0.121294	0.119527	0.116727	0.112744	0.107339	0.100107	0.0902805	0.0760418	0.0338077	6.34936e-13
54	0.12096	0.120183	0.11854	0.115934	0.112218	0.107162	0.100368	0.0910828	0.0775035	0.0360493	6.15436e-13
55	0.000944454	0.00693176	0.0193683	0.0384935	0.0644598	0.0973197	0.136888	0.182268	0.229868	0.223458	5.50259e-13
56	0.12655	0.125481	0.123228	0.119675	0.114654	0.107906	0.0990006	0.0871411	0.0704919	0.0258739	1.16622e-14
57	0.125232	0.124234	0.12213	0.118807	0.114102	0.107761	0.0993596	0.0881046	0.0721561	0.0281148	1.21728e-13
58	0.129252	0.128028	0.125453	0.121403	0.115705	0.108096	0.0981434	0.0850589	0.0670602	0.0217998	4.14859e-16
59	0.126139	0.125088	0.122874	0.119383	0.114448	0.107816	0.0990605	0.0873947	0.071	0.0267973	5.115e-13
60	0.124472	0.123515	0.121497	0.118305	0.113782	0.107675	0.0995626	0.0886562	0.073114	0.0294211	1.14221e-13
61	0.126202	0.125147	0.122925	0.11942	0.114467	0.107813	0.099032	0.0873383	0.0709174	0.0267379	1.52736e-12
62	0.120494	0.119737	0.118137	0.115597	0.111975	0.107044	0.100415	0.0913452	0.078058	0.0371971	1.01873e-11
63	0.119794	0.119071	0.117542	0.115114	0.111648	0.106921	0.10055	0.0918046	0.0789231	0.0386325	5.12792e-12
64	0.127744	0.126602	0.1242	0.120416	0.115084	0.107944	0.0985695	0.0861752	0.0689678	0.0242974	4.42846e-13
65	0.119764	0.119044	0.117521	0.115102	0.111647	0.106934	0.100579	0.0918478	0.0789727	0.0385888	1.38975e-12
66	0.118095	0.117454	0.116095	0.113932	0.110836	0.106596	0.100848	0.0928888	0.0810089	0.0422465	7.61162e-13
67	0.126658	0.125584	0.12332	0.119749	0.114703	0.107923	0.0989782	0.0870687	0.0703576	0.0256587	1.55153e-15
68	0.121515	0.120711	0.119012	0.116317	0.112478	0.10726	0.100261	0.090719	0.0768178	0.0349095	2.39332e-13
69	0.128138	0.12698	0.124542	0.120702	0.115289	0.10804	0.0985227	0.0859397	0.0684778	0.0233692	2.59658e-16
70	0.000979436	0.00718477	0.0200531	0.0397832	0.0664455	0.0999478	0.139851	0.184783	0.23009	0.210882	8.94213e-14
71	0.127458	0.126333	0.123967	0.12024	0.114982	0.107937	0.0986748	0.0864079	0.0693319	0.0246685	3.81067e-13
72	0.00073452	0.00540795	0.0152125	0.0305639	0.0520016	0.0802983	0.116617	0.162819	0.222197	0.314149	8.32883e-09
73	1.58059e-09	6.37468e-07	1.45101e-05	0.000122007	0.000633556	0.00251397	0.00856374	0.0272775	0.0900158	0.870858	5.01532e-07
74	0.129724	0.128467	0.125825	0.121673	0.115839	0.108062	0.0979182	0.0846311	0.0664551	0.0214052	7.0032e-13
75	0.000959185	0.00703826	0.0196563	0.0390351	0.0652918	0.0984168	0.138116	0.183294	0.229914	0.218278	1.29713e-12
76	0.000871103	0.00639998	0.0179218	0.0357455	0.0601718	0.0915232	0.130108	0.176013	0.228	0.253245	4.4776e-10
77	0.128109	0.126952	0.124515	0.120679	0.115271	0.10803	0.0985227	0.0859542	0.0685138	0.0234524	9.04671e-16
78	0.121951	0.121123	0.119373	0.116601	0.112656	0.107302	0.100135	0.0903915	0.0762603	0.0342078	4.0526e-12
79	0.129396	0.128163	0.12557	0.121493	0.115758	0.108102	0.098093	0.0849441	0.0668774	0.0216036	5.10175e-16
80	1.37766e-06	7.50671e-05	0.000600595	0.00246804	0.00733375	0.0181461	0.0403394	0.0850082	0.180224	0.665804	1.55686e-07
81	0.129759	0.128504	0.125867	0.121721	0.115894	0.10812	0.0979696	0.0846575	0.0664162	0.0210921	2.37493e-16
82	0.00101227	0.00742212	0.0206946	0.0409889	0.0682957	0.102384	0.142572	0.187041	0.230157	0.199433	2.85377e-14
83	0.125043	0.124053	0.121965	0.118667	0.113999	0.107707	0.0993717	0.0882059	0.0723826	0.0286052	1.34596e-12
84	0.000915732	0.00672348	0.0188015	0.0374159	0.0627762	0.0950396	0.134213	0.179786	0.229094	0.235234	3.4655e-11
