Rate/Site	Rate=0.0003234	Rate=0.00311242	Rate=0.0103319	Rate=0.0233716	Rate=0.0438048	Rate=0.0738362	Rate=0.117043	Rate=0.180198	Rate=0.279621	Rate=0.498352
1	0.171087	0.167472	0.158469	0.143433	0.122725	0.0976549	0.0703889	0.0437442	0.0208309	0.0041951
2	2.97056e-06	0.000269396	0.00281092	0.0130341	0.0392484	0.088959	0.161684	0.239287	0.276146	0.178559
3	0.00123595	0.0116577	0.0367346	0.0756415	0.122383	0.166268	0.193456	0.189945	0.145954	0.0567236
4	0.191758	0.186059	0.172091	0.149494	0.11996	0.0869	0.0547723	0.0280329	0.00988267	0.00105049
5	1.86237e-06	0.000169778	0.00179553	0.00853077	0.0266833	0.0639426	0.125859	0.209104	0.288895	0.275018
6	0.191529	0.185859	0.171958	0.149458	0.120027	0.0870447	0.0549426	0.0281705	0.00995155	0.00105899
7	0.00168914	0.0158252	0.0490034	0.0977748	0.150584	0.190317	0.199646	0.168631	0.102479	0.0240499
8	1.3719e-06	0.000125438	0.00133684	0.00644026	0.0205872	0.0509351	0.104965	0.186472	0.286203	0.342934
9	0.00098572	0.00933485	0.0297214	0.0623572	0.103897	0.147384	0.182498	0.1963	0.174235	0.0932878
10	0.179591	0.175192	0.164303	0.14634	0.122101	0.0936372	0.0640147	0.0368383	0.0155609	0.00242253
11	0.00133808	0.0126011	0.0395447	0.0808281	0.129271	0.172673	0.196086	0.18585	0.135159	0.0466479
12	0.00102387	0.00969053	0.0308074	0.064459	0.106934	0.150713	0.184847	0.195975	0.169821	0.0857289
13	0.191529	0.185859	0.171958	0.149458	0.120027	0.0870447	0.0549426	0.0281705	0.00995155	0.00105899
14	0.191631	0.185948	0.172016	0.149472	0.119996	0.0869791	0.0548669	0.0281109	0.00992306	0.00105611
15	2.15983e-09	1.89514e-06	6.65521e-05	0.000715625	0.00419865	0.0169779	0.0530508	0.135956	0.292166	0.496867
16	0.00183738	0.0171769	0.0528928	0.104483	0.15843	0.195767	0.198935	0.160615	0.0911986	0.0186651
17	0.191933	0.186212	0.172192	0.14952	0.119907	0.0867881	0.054642	0.0279291	0.00983184	0.00104461
18	0.00119498	0.0112785	0.0355982	0.0735201	0.119507	0.163479	0.192099	0.191363	0.150444	0.0615151
19	1.6057e-15	1.30423e-10	5.03957e-08	2.76552e-06	5.67662e-05	0.00064834	0.00504907	0.0303246	0.154364	0.809554
20	0.176135	0.172066	0.16197	0.14523	0.122446	0.0953487	0.0666257	0.0395758	0.0175622	0.00304042
21	3.17686e-09	2.77862e-06	9.6772e-05	0.00102514	0.00587586	0.0229625	0.0683359	0.163202	0.314442	0.424057
22	2.55742e-06	0.000232339	0.00243536	0.0113861	0.0347302	0.0802164	0.14978	0.230505	0.282654	0.208058
23	0.158531	0.155906	0.149318	0.138129	0.122291	0.102308	0.0792426	0.0546928	0.0307064	0.00887601
24	0.1609	0.158115	0.151131	0.139297	0.122607	0.101671	0.0777154	0.0525516	0.0284872	0.00752395
25	0.19191	0.186191	0.172177	0.149513	0.11991	0.0867998	0.0546595	0.027947	0.00984428	0.00104791
26	0.192208	0.186455	0.172361	0.149579	0.119844	0.0866252	0.0544342	0.0277451	0.00972482	0.0010239
27	9.3548e-12	7.80651e-08	8.82504e-06	0.000203091	0.00204816	0.0122995	0.0508355	0.154345	0.342883	0.437377
28	0.000955772	0.00905653	0.0288787	0.060753	0.101646	0.145053	0.181102	0.197026	0.177728	0.0978015
29	0.191529	0.185859	0.171958	0.149458	0.120027	0.0870447	0.0549426	0.0281705	0.00995155	0.00105899
30	0.191905	0.18619	0.172184	0.14953	0.119932	0.0868167	0.0546604	0.0279288	0.00981774	0.00103597
31	0.0012396	0.0116913	0.0368327	0.0758162	0.122599	0.166438	0.193467	0.189734	0.145607	0.0565757
32	0.162082	0.159208	0.152006	0.139821	0.122681	0.101264	0.0768942	0.0515011	0.027506	0.00703786
33	0.191529	0.185859	0.171958	0.149458	0.120027	0.0870447	0.0549426	0.0281705	0.00995155	0.00105899
34	0.192034	0.186301	0.172253	0.149539	0.11988	0.0867255	0.0545659	0.0278653	0.00979763	0.00103924
35	0.00128306	0.0120933	0.0380346	0.0780502	0.125604	0.169306	0.194777	0.188128	0.140901	0.0518227
36	0.191529	0.185859	0.171958	0.149458	0.120027	0.0870447	0.0549426	0.0281705	0.00995155	0.00105899
37	0.00191732	0.0179043	0.0549751	0.108036	0.162503	0.198449	0.198301	0.156269	0.085476	0.0161692
38	0.160374	0.157627	0.150737	0.139055	0.122562	0.10184	0.0780725	0.0530222	0.0289426	0.00776692
39	0.169123	0.165679	0.157091	0.142706	0.122797	0.0985178	0.0718393	0.0453885	0.0221608	0.00469809
40	2.80841e-06	0.00025486	0.0026638	0.0123902	0.0374902	0.0855793	0.157135	0.236035	0.278806	0.189644
41	5.89093e-07	5.42554e-05	0.000589181	0.00293621	0.00989694	0.0264646	0.0609619	0.127328	0.251575	0.520193
42	0.160389	0.157653	0.150785	0.139133	0.122663	0.101939	0.0781269	0.0529807	0.0287779	0.00755311
43	0.00122954	0.0115981	0.0365534	0.0752941	0.12189	0.165747	0.193125	0.190074	0.146712	0.0577771
44	0.191689	0.185998	0.17205	0.149481	0.119978	0.0869423	0.0548242	0.0280769	0.00990652	0.0010543
45	0.00204982	0.0191068	0.0583916	0.113782	0.1689	0.20233	0.196728	0.149071	0.076801	0.0128395
46	0.159932	0.157213	0.15039	0.13882	0.122478	0.101933	0.0783428	0.0534307	0.0293951	0.00806595
47	0.191529	0.185859	0.171958	0.149458	0.120027	0.0870447	0.0549426	0.0281705	0.00995155	0.00105899
48	0.164711	0.161605	0.153842	0.140779	0.122559	0.100074	0.0749182	0.0492865	0.0257631	0.00646208
49	0.162156	0.159276	0.15206	0.139854	0.122686	0.10124	0.0768437	0.0514351	0.0274431	0.00700604
50	0.191529	0.185859	0.171958	0.149458	0.120027	0.0870447	0.0549426	0.0281705	0.00995155	0.00105899
51	0.192113	0.186371	0.172302	0.149557	0.119863	0.0866801	0.0545063	0.0278109	0.00976469	0.00103225
52	0.000856681	0.00813136	0.0260427	0.0552235	0.0935528	0.135978	0.17433	0.197188	0.189201	0.119496
53	0.00184028	0.017203	0.0529663	0.104603	0.158556	0.195828	0.198876	0.160451	0.0910401	0.0186362
54	4.89153e-10	4.33788e-07	1.56576e-05	0.00017692	0.00112175	0.00508288	0.018701	0.0607978	0.189593	0.724511
55	2.70756e-06	0.000245819	0.00257234	0.0119902	0.0363998	0.083489	0.154337	0.234071	0.280513	0.19638
56	0.191621	0.185939	0.172011	0.149472	0.12	0.0869866	0.0548746	0.028116	0.00992466	0.00105588
57	0.158809	0.156178	0.149569	0.138341	0.122435	0.102348	0.0791406	0.0544224	0.0302878	0.00847002
58	0.191529	0.185859	0.171958	0.149458	0.120027	0.0870447	0.0549426	0.0281705	0.00995155	0.00105899
59	0.191905	0.18619	0.172184	0.14953	0.119932	0.0868167	0.0546604	0.0279288	0.00981774	0.00103597
60	3.39392e-09	2.96699e-06	0.000103198	0.00109065	0.00622816	0.0242052	0.0714543	0.168596	0.318469	0.409851
61	0.192082	0.186345	0.172288	0.149559	0.119881	0.0867051	0.0545279	0.0278205	0.00976229	0.00102839
62	4.19873e-06	0.000379063	0.00390934	0.0177505	0.0517251	0.111751	0.189687	0.25436	0.252117	0.118317
63	0.00116097	0.010963	0.0346468	0.071723	0.11702	0.160966	0.190697	0.192321	0.154296	0.0662069
64	6.40897e-07	5.89871e-05	0.00063946	0.00317687	0.0106561	0.0282919	0.0645074	0.132742	0.256239	0.503688
65	0.191809	0.186103	0.172119	0.149498	0.119941	0.0868646	0.0547346	0.0280065	0.00987298	0.00105097
66	1.17636e-06	0.0001077	0.00115172	0.0055828	0.0180209	0.0452343	0.095199	0.174494	0.281648	0.37856
67	0.158879	0.156253	0.149657	0.138442	0.122539	0.102431	0.0791612	0.0543372	0.0300785	0.00822273
68	0.191589	0.185911	0.171992	0.149467	0.120009	0.0870069	0.0548985	0.0281353	0.00993432	0.00105706
69	0.00104374	0.00987582	0.0313735	0.0655558	0.108521	0.152454	0.186074	0.195791	0.167484	0.0818265
70	0.191742	0.186045	0.17208	0.149489	0.119962	0.086908	0.0547844	0.0280454	0.00989138	0.00105273
71	1.71667e-06	0.000156625	0.00165997	0.00791715	0.0249137	0.0602321	0.120068	0.203193	0.288943	0.292915
72	0.00116867	0.0110348	0.0348669	0.072151	0.117642	0.161653	0.191183	0.192242	0.153358	0.0647006
73	0.191732	0.186036	0.172075	0.149487	0.119965	0.0869143	0.0547917	0.0280513	0.00989423	0.00105303
74	0.159131	0.156477	0.14981	0.13849	0.122463	0.102246	0.0789224	0.0541336	0.0300071	0.00831953
75	0.191808	0.186102	0.172118	0.149498	0.119941	0.0868652	0.0547357	0.0280077	0.00987391	0.00105122
76	0.000875607	0.00830875	0.0265922	0.0563157	0.0952051	0.137941	0.175998	0.197574	0.187083	0.114106
77	0.191529	0.185859	0.171958	0.149458	0.120027	0.0870447	0.0549426	0.0281705	0.00995155	0.00105899
78	0.191529	0.185859	0.171958	0.149458	0.120027	0.0870447	0.0549426	0.0281705	0.00995155	0.00105899
79	9.18651e-07	8.43032e-05	0.000906982	0.0044445	0.0145909	0.0375343	0.081782	0.1575	0.273998	0.429158
80	0.174422	0.170513	0.160802	0.144657	0.122589	0.0961739	0.0679172	0.0409582	0.0185975	0.00337112
81	2.14489e-06	0.000195247	0.00205706	0.00970656	0.0300368	0.070853	0.136337	0.219145	0.287448	0.244219
82	0.19267	0.186865	0.172647	0.149682	0.119743	0.0863555	0.0540848	0.0274306	0.00953739	0.000985405
83	0.191696	0.186005	0.172054	0.149482	0.119975	0.0869369	0.0548185	0.0280731	0.00990533	0.00105447
84	0.191905	0.18619	0.172184	0.14953	0.119932	0.0868167	0.0546604	0.0279288	0.00981774	0.00103597
