
*** RUNNING MODEL 7 (Beta) ***
######################################

>Done in 360 seconds 

-1660.78003814872

------------------------------------------------

dN/dS = 0.122999 (sample variance = 0.0229458)

Rate[1]=  0.00032340 (weight=0.1000000)
Rate[2]=  0.00311242 (weight=0.1000000)
Rate[3]=  0.01033192 (weight=0.1000000)
Rate[4]=  0.02337155 (weight=0.1000000)
Rate[5]=  0.04380479 (weight=0.1000000)
Rate[6]=  0.07383621 (weight=0.1000000)
Rate[7]=  0.11704337 (weight=0.1000000)
Rate[8]=  0.18019821 (weight=0.1000000)
Rate[9]=  0.27962099 (weight=0.1000000)
Rate[10]=  0.49835209 (weight=0.1000000)

------------------------------------------------

 No rate classes with dN/dS>1.

------------------------------------------------

Tabulated Posteriors for Each Site
Sites in Columns, Rate Classes in Rows
Import the following part into a data processing program
for further analysis


Rate/Site	Rate=0.0003234	Rate=0.00311242	Rate=0.0103319	Rate=0.0233716	Rate=0.0438048	Rate=0.0738362	Rate=0.117043	Rate=0.180198	Rate=0.279621	Rate=0.498352
1	0.171087	0.167472	0.158469	0.143433	0.122725	0.0976549	0.0703889	0.0437442	0.0208309	0.0041951
2	2.97056e-06	0.000269396	0.00281092	0.0130341	0.0392484	0.088959	0.161684	0.239287	0.276146	0.178559
3	0.00123595	0.0116577	0.0367346	0.0756415	0.122383	0.166268	0.193456	0.189945	0.145954	0.0567236
4	0.191758	0.186059	0.172091	0.149494	0.11996	0.0869	0.0547723	0.0280329	0.00988267	0.00105049
5	1.86237e-06	0.000169778	0.00179553	0.00853077	0.0266833	0.0639426	0.125859	0.209104	0.288895	0.275018
6	0.191529	0.185859	0.171958	0.149458	0.120027	0.0870447	0.0549426	0.0281705	0.00995155	0.00105899
7	0.00168914	0.0158252	0.0490034	0.0977748	0.150584	0.190317	0.199646	0.168631	0.102479	0.0240499
8	1.3719e-06	0.000125438	0.00133684	0.00644026	0.0205872	0.0509351	0.104965	0.186472	0.286203	0.342934
9	0.00098572	0.00933485	0.0297214	0.0623572	0.103897	0.147384	0.182498	0.1963	0.174235	0.0932878
10	0.179591	0.175192	0.164303	0.14634	0.122101	0.0936372	0.0640147	0.0368383	0.0155609	0.00242253
11	0.00133808	0.0126011	0.0395447	0.0808281	0.129271	0.172673	0.196086	0.18585	0.135159	0.0466479
12	0.00102387	0.00969053	0.0308074	0.064459	0.106934	0.150713	0.184847	0.195975	0.169821	0.0857289
13	0.191529	0.185859	0.171958	0.149458	0.120027	0.0870447	0.0549426	0.0281705	0.00995155	0.00105899
14	0.191631	0.185948	0.172016	0.149472	0.119996	0.0869791	0.0548669	0.0281109	0.00992306	0.00105611
15	2.15983e-09	1.89514e-06	6.65521e-05	0.000715625	0.00419865	0.0169779	0.0530508	0.135956	0.292166	0.496867
16	0.00183738	0.0171769	0.0528928	0.104483	0.15843	0.195767	0.198935	0.160615	0.0911986	0.0186651
17	0.191933	0.186212	0.172192	0.14952	0.119907	0.0867881	0.054642	0.0279291	0.00983184	0.00104461
18	0.00119498	0.0112785	0.0355982	0.0735201	0.119507	0.163479	0.192099	0.191363	0.150444	0.0615151
19	1.6057e-15	1.30423e-10	5.03957e-08	2.76552e-06	5.67662e-05	0.00064834	0.00504907	0.0303246	0.154364	0.809554
20	0.176135	0.172066	0.16197	0.14523	0.122446	0.0953487	0.0666257	0.0395758	0.0175622	0.00304042
21	3.17686e-09	2.77862e-06	9.6772e-05	0.00102514	0.00587586	0.0229625	0.0683359	0.163202	0.314442	0.424057
22	2.55742e-06	0.000232339	0.00243536	0.0113861	0.0347302	0.0802164	0.14978	0.230505	0.282654	0.208058
23	0.158531	0.155906	0.149318	0.138129	0.122291	0.102308	0.0792426	0.0546928	0.0307064	0.00887601
24	0.1609	0.158115	0.151131	0.139297	0.122607	0.101671	0.0777154	0.0525516	0.0284872	0.00752395
25	0.19191	0.186191	0.172177	0.149513	0.11991	0.0867998	0.0546595	0.027947	0.00984428	0.00104791
26	0.192208	0.186455	0.172361	0.149579	0.119844	0.0866252	0.0544342	0.0277451	0.00972482	0.0010239
27	9.3548e-12	7.80651e-08	8.82504e-06	0.000203091	0.00204816	0.0122995	0.0508355	0.154345	0.342883	0.437377
28	0.000955772	0.00905653	0.0288787	0.060753	0.101646	0.145053	0.181102	0.197026	0.177728	0.0978015
29	0.191529	0.185859	0.171958	0.149458	0.120027	0.0870447	0.0549426	0.0281705	0.00995155	0.00105899
30	0.191905	0.18619	0.172184	0.14953	0.119932	0.0868167	0.0546604	0.0279288	0.00981774	0.00103597
31	0.0012396	0.0116913	0.0368327	0.0758162	0.122599	0.166438	0.193467	0.189734	0.145607	0.0565757
32	0.162082	0.159208	0.152006	0.139821	0.122681	0.101264	0.0768942	0.0515011	0.027506	0.00703786
33	0.191529	0.185859	0.171958	0.149458	0.120027	0.0870447	0.0549426	0.0281705	0.00995155	0.00105899
34	0.192034	0.186301	0.172253	0.149539	0.11988	0.0867255	0.0545659	0.0278653	0.00979763	0.00103924
35	0.00128306	0.0120933	0.0380346	0.0780502	0.125604	0.169306	0.194777	0.188128	0.140901	0.0518227
36	0.191529	0.185859	0.171958	0.149458	0.120027	0.0870447	0.0549426	0.0281705	0.00995155	0.00105899
37	0.00191732	0.0179043	0.0549751	0.108036	0.162503	0.198449	0.198301	0.156269	0.085476	0.0161692
38	0.160374	0.157627	0.150737	0.139055	0.122562	0.10184	0.0780725	0.0530222	0.0289426	0.00776692
39	0.169123	0.165679	0.157091	0.142706	0.122797	0.0985178	0.0718393	0.0453885	0.0221608	0.00469809
40	2.80841e-06	0.00025486	0.0026638	0.0123902	0.0374902	0.0855793	0.157135	0.236035	0.278806	0.189644
41	5.89093e-07	5.42554e-05	0.000589181	0.00293621	0.00989694	0.0264646	0.0609619	0.127328	0.251575	0.520193
42	0.160389	0.157653	0.150785	0.139133	0.122663	0.101939	0.0781269	0.0529807	0.0287779	0.00755311
43	0.00122954	0.0115981	0.0365534	0.0752941	0.12189	0.165747	0.193125	0.190074	0.146712	0.0577771
44	0.191689	0.185998	0.17205	0.149481	0.119978	0.0869423	0.0548242	0.0280769	0.00990652	0.0010543
45	0.00204982	0.0191068	0.0583916	0.113782	0.1689	0.20233	0.196728	0.149071	0.076801	0.0128395
46	0.159932	0.157213	0.15039	0.13882	0.122478	0.101933	0.0783428	0.0534307	0.0293951	0.00806595
47	0.191529	0.185859	0.171958	0.149458	0.120027	0.0870447	0.0549426	0.0281705	0.00995155	0.00105899
48	0.164711	0.161605	0.153842	0.140779	0.122559	0.100074	0.0749182	0.0492865	0.0257631	0.00646208
49	0.162156	0.159276	0.15206	0.139854	0.122686	0.10124	0.0768437	0.0514351	0.0274431	0.00700604
50	0.191529	0.185859	0.171958	0.149458	0.120027	0.0870447	0.0549426	0.0281705	0.00995155	0.00105899
51	0.192113	0.186371	0.172302	0.149557	0.119863	0.0866801	0.0545063	0.0278109	0.00976469	0.00103225
52	0.000856681	0.00813136	0.0260427	0.0552235	0.0935528	0.135978	0.17433	0.197188	0.189201	0.119496
53	0.00184028	0.017203	0.0529663	0.104603	0.158556	0.195828	0.198876	0.160451	0.0910401	0.0186362
54	4.89153e-10	4.33788e-07	1.56576e-05	0.00017692	0.00112175	0.00508288	0.018701	0.0607978	0.189593	0.724511
55	2.70756e-06	0.000245819	0.00257234	0.0119902	0.0363998	0.083489	0.154337	0.234071	0.280513	0.19638
56	0.191621	0.185939	0.172011	0.149472	0.12	0.0869866	0.0548746	0.028116	0.00992466	0.00105588
57	0.158809	0.156178	0.149569	0.138341	0.122435	0.102348	0.0791406	0.0544224	0.0302878	0.00847002
58	0.191529	0.185859	0.171958	0.149458	0.120027	0.0870447	0.0549426	0.0281705	0.00995155	0.00105899
59	0.191905	0.18619	0.172184	0.14953	0.119932	0.0868167	0.0546604	0.0279288	0.00981774	0.00103597
60	3.39392e-09	2.96699e-06	0.000103198	0.00109065	0.00622816	0.0242052	0.0714543	0.168596	0.318469	0.409851
61	0.192082	0.186345	0.172288	0.149559	0.119881	0.0867051	0.0545279	0.0278205	0.00976229	0.00102839
62	4.19873e-06	0.000379063	0.00390934	0.0177505	0.0517251	0.111751	0.189687	0.25436	0.252117	0.118317
63	0.00116097	0.010963	0.0346468	0.071723	0.11702	0.160966	0.190697	0.192321	0.154296	0.0662069
64	6.40897e-07	5.89871e-05	0.00063946	0.00317687	0.0106561	0.0282919	0.0645074	0.132742	0.256239	0.503688
65	0.191809	0.186103	0.172119	0.149498	0.119941	0.0868646	0.0547346	0.0280065	0.00987298	0.00105097
66	1.17636e-06	0.0001077	0.00115172	0.0055828	0.0180209	0.0452343	0.095199	0.174494	0.281648	0.37856
67	0.158879	0.156253	0.149657	0.138442	0.122539	0.102431	0.0791612	0.0543372	0.0300785	0.00822273
68	0.191589	0.185911	0.171992	0.149467	0.120009	0.0870069	0.0548985	0.0281353	0.00993432	0.00105706
69	0.00104374	0.00987582	0.0313735	0.0655558	0.108521	0.152454	0.186074	0.195791	0.167484	0.0818265
70	0.191742	0.186045	0.17208	0.149489	0.119962	0.086908	0.0547844	0.0280454	0.00989138	0.00105273
71	1.71667e-06	0.000156625	0.00165997	0.00791715	0.0249137	0.0602321	0.120068	0.203193	0.288943	0.292915
72	0.00116867	0.0110348	0.0348669	0.072151	0.117642	0.161653	0.191183	0.192242	0.153358	0.0647006
73	0.191732	0.186036	0.172075	0.149487	0.119965	0.0869143	0.0547917	0.0280513	0.00989423	0.00105303
74	0.159131	0.156477	0.14981	0.13849	0.122463	0.102246	0.0789224	0.0541336	0.0300071	0.00831953
75	0.191808	0.186102	0.172118	0.149498	0.119941	0.0868652	0.0547357	0.0280077	0.00987391	0.00105122
76	0.000875607	0.00830875	0.0265922	0.0563157	0.0952051	0.137941	0.175998	0.197574	0.187083	0.114106
77	0.191529	0.185859	0.171958	0.149458	0.120027	0.0870447	0.0549426	0.0281705	0.00995155	0.00105899
78	0.191529	0.185859	0.171958	0.149458	0.120027	0.0870447	0.0549426	0.0281705	0.00995155	0.00105899
79	9.18651e-07	8.43032e-05	0.000906982	0.0044445	0.0145909	0.0375343	0.081782	0.1575	0.273998	0.429158
80	0.174422	0.170513	0.160802	0.144657	0.122589	0.0961739	0.0679172	0.0409582	0.0185975	0.00337112
81	2.14489e-06	0.000195247	0.00205706	0.00970656	0.0300368	0.070853	0.136337	0.219145	0.287448	0.244219
82	0.19267	0.186865	0.172647	0.149682	0.119743	0.0863555	0.0540848	0.0274306	0.00953739	0.000985405
83	0.191696	0.186005	0.172054	0.149482	0.119975	0.0869369	0.0548185	0.0280731	0.00990533	0.00105447
84	0.191905	0.18619	0.172184	0.14953	0.119932	0.0868167	0.0546604	0.0279288	0.00981774	0.00103597

*** RUNNING MODEL 8 (Beta & w) ***
######################################

>Done in 605 seconds 

-1660.78005322736

------------------------------------------------

dN/dS = 0.12275 (sample variance = 0.0226087)

Rate[1]=  0.00034885 (weight=0.1000000)
Rate[2]=  0.00326839 (weight=0.1000000)
Rate[3]=  0.01067577 (weight=0.1000000)
Rate[4]=  0.02388842 (weight=0.1000000)
Rate[5]=  0.04441725 (weight=0.1000000)
Rate[6]=  0.07440515 (weight=0.1000000)
Rate[7]=  0.11735695 (weight=0.1000000)
Rate[8]=  0.17993893 (weight=0.1000000)
Rate[9]=  0.27827483 (weight=0.1000000)
Rate[10]=  0.49492035 (weight=0.1000000)
Rate[11]=  4.96890920 (weight=0.0000001)

------------------------------------------------

 Sites with dN/dS>1 (Posterior cutoff = 0.5)



------------------------------------------------

 Sites with dN/dS<=1 (Posterior cutoff = 0.5)

1 (1.45335e-19)
2 (1.58703e-15)
3 (4.41737e-17)
4 (6.97086e-22)
5 (1.90219e-13)
6 (3.30372e-22)
7 (6.61863e-19)
8 (1.30871e-11)
9 (1.20568e-13)
10 (5.84424e-20)
11 (1.11276e-17)
12 (4.16772e-15)
13 (3.30372e-22)
14 (4.69495e-22)
15 (1.16535e-12)
16 (1.30422e-19)
17 (1.03622e-21)
18 (6.25509e-16)
19 (7.21233e-10)
20 (4.80665e-19)
21 (2.1169e-13)
22 (3.50898e-15)
23 (2.29912e-15)
24 (3.56285e-18)
25 (1.06959e-21)
26 (1.26192e-21)
27 (1.00465e-14)
28 (1.62415e-14)
29 (3.30372e-22)
30 (4.6127e-22)
31 (9.65178e-17)
32 (2.69633e-18)
33 (3.30372e-22)
34 (1.50895e-21)
35 (4.76712e-17)
36 (3.30372e-22)
37 (7.0048e-20)
38 (7.10018e-18)
39 (9.24751e-19)
40 (2.70265e-15)
41 (3.19167e-08)
42 (1.06158e-19)
43 (1.71552e-16)
44 (6.46983e-22)
45 (5.36452e-20)
46 (3.72501e-17)
47 (3.30372e-22)
48 (2.02104e-17)
49 (3.29428e-18)
50 (3.30372e-22)
51 (1.59885e-21)
52 (3.11438e-13)
53 (1.82962e-19)
54 (8.13191e-07)
55 (1.72614e-15)
56 (5.05661e-22)
57 (7.5195e-18)
58 (3.30372e-22)
59 (4.6127e-22)
60 (2.4536e-14)
61 (6.64658e-22)
62 (7.23099e-17)
63 (1.04984e-15)
64 (1.23812e-08)
65 (7.24353e-22)
66 (8.36226e-11)
67 (1.19628e-19)
68 (4.45663e-22)
69 (8.98703e-16)
70 (6.94827e-22)
71 (1.4592e-12)
72 (2.15874e-16)
73 (6.88803e-22)
74 (6.2793e-18)
75 (7.17562e-22)
76 (2.81392e-14)
77 (3.30372e-22)
78 (3.30372e-22)
79 (4.05068e-10)
80 (8.67037e-20)
81 (2.25316e-14)
82 (8.9581e-22)
83 (4.86799e-22)
84 (4.6127e-22)


------------------------------------------------

Tabulated Posteriors for Each Site
Sites in Columns, Rate Classes in Rows
Import the following part into a data processing program
for further analysis


Rate/Site	Rate=0.000348853	Rate=0.00326839	Rate=0.0106758	Rate=0.0238884	Rate=0.0444173	Rate=0.0744052	Rate=0.117357	Rate=0.179939	Rate=0.278275	Rate=0.49492	Rate=4.96891
1	0.171386	0.167597	0.158361	0.143148	0.122396	0.0974287	0.0703655	0.043921	0.0210856	0.00431057	1.45335e-19
2	3.43918e-06	0.000295286	0.00297886	0.0134983	0.039973	0.0895129	0.16138	0.23789	0.274858	0.17961	1.58703e-15
3	0.00132411	0.0121468	0.0376111	0.0765139	0.122726	0.165753	0.192245	0.188747	0.145645	0.0572882	4.41737e-17
4	0.192295	0.186317	0.171981	0.149122	0.119541	0.0866402	0.05476	0.0281981	0.010054	0.00109101	6.97086e-22
5	2.16144e-06	0.000186595	0.00190858	0.0088641	0.027271	0.0645583	0.125982	0.208246	0.287462	0.275519	1.90219e-13
6	0.192064	0.186116	0.171849	0.149087	0.119609	0.086785	0.0549301	0.0283359	0.0101237	0.00109982	3.30372e-22
7	0.00180857	0.0164743	0.0501052	0.0987293	0.150709	0.18938	0.198162	0.167605	0.102553	0.0244745	6.61863e-19
8	1.59493e-06	0.000138117	0.00142392	0.00670685	0.0210899	0.0515442	0.105283	0.185979	0.284881	0.342953	1.30871e-11
9	0.00105679	0.00973524	0.0304662	0.0631658	0.104348	0.147145	0.181555	0.195109	0.173629	0.0937893	1.20568e-13
10	0.179981	0.175368	0.164195	0.146023	0.121736	0.0933978	0.0639983	0.0370161	0.0157841	0.00250032	5.84424e-20
11	0.00143327	0.0131264	0.0404739	0.0817233	0.129567	0.172057	0.194795	0.184677	0.134954	0.0471929	1.11276e-17
12	0.00109751	0.0101042	0.0315722	0.0652775	0.107368	0.150426	0.183852	0.194771	0.169265	0.0862658	4.16772e-15
13	0.192064	0.186116	0.171849	0.149087	0.119609	0.086785	0.0549301	0.0283359	0.0101237	0.00109982	3.30372e-22
14	0.192167	0.186206	0.171907	0.149101	0.119577	0.0867194	0.0548546	0.0282762	0.0100949	0.00109682	4.69495e-22
15	2.71874e-09	2.19921e-06	7.34972e-05	0.000764201	0.004375	0.0173683	0.0535367	0.135942	0.290892	0.497046	1.16535e-12
16	0.00196724	0.017879	0.0540671	0.105459	0.158484	0.194714	0.197403	0.159657	0.0913383	0.0190305	1.30422e-19
17	0.192472	0.186471	0.172082	0.149147	0.119487	0.0865281	0.0546299	0.0280941	0.0100026	0.00108489	1.03622e-21
18	0.00128031	0.0117528	0.0364528	0.0743816	0.119866	0.163005	0.190925	0.190159	0.150093	0.0620841	6.25509e-16
19	2.38112e-15	1.68967e-10	6.01561e-08	3.12341e-06	6.15671e-05	0.000681848	0.00518653	0.0306159	0.154173	0.809278	7.21233e-10
20	0.176486	0.172221	0.161863	0.144927	0.122096	0.0951146	0.0666068	0.0397541	0.0177989	0.00313229	4.80665e-19
21	3.98844e-09	3.21548e-06	0.000106552	0.00109127	0.0061028	0.0234164	0.0687678	0.162843	0.312816	0.424853	2.1169e-13
22	2.96279e-06	0.000254854	0.00258305	0.0118029	0.0354073	0.0807954	0.149621	0.229264	0.281278	0.20899	3.50898e-15
23	0.158723	0.155974	0.149214	0.137891	0.12201	0.102099	0.0792005	0.0548465	0.0309845	0.00905819	2.29912e-15
24	0.161119	0.158201	0.151034	0.139055	0.122318	0.101456	0.0776699	0.0527032	0.0287565	0.00768811	3.56285e-18
25	0.192449	0.186451	0.172067	0.14914	0.11949	0.0865398	0.0546474	0.028112	0.0100151	0.00108828	1.06959e-21
26	0.192751	0.186717	0.172251	0.149204	0.119423	0.0863648	0.0544222	0.0279098	0.00989442	0.00106355	1.26192e-21
27	1.26611e-11	9.47678e-08	1.00242e-05	0.0002205	0.00215179	0.0126107	0.0512193	0.153831	0.340675	0.439282	1.00465e-14
28	0.00102474	0.00944576	0.0296061	0.0615506	0.102106	0.144842	0.180189	0.195838	0.177091	0.0983069	1.62415e-14
29	0.192064	0.186116	0.171849	0.149087	0.119609	0.086785	0.0549301	0.0283359	0.0101237	0.00109982	3.30372e-22
30	0.192444	0.186449	0.172074	0.149157	0.119512	0.0865567	0.0546483	0.0280939	0.0099885	0.00107608	4.6127e-22
31	0.00132804	0.0121818	0.0377116	0.0766903	0.122941	0.165921	0.192255	0.188536	0.145299	0.0571356	9.65178e-17
32	0.162312	0.1593	0.151909	0.139574	0.122387	0.101046	0.0768498	0.0516544	0.0277729	0.00719521	2.69633e-18
33	0.192064	0.186116	0.171849	0.149087	0.119609	0.086785	0.0549301	0.0283359	0.0101237	0.00109982	3.30372e-22
34	0.192575	0.186561	0.172142	0.149165	0.11946	0.0864654	0.054554	0.0280302	0.009968	0.00107935	1.50895e-21
35	0.00137446	0.012599	0.0389354	0.0789332	0.125925	0.168743	0.193528	0.18694	0.140642	0.0523803	4.76712e-17
36	0.192064	0.186116	0.171849	0.149087	0.119609	0.086785	0.0549301	0.0283359	0.0101237	0.00109982	3.30372e-22
37	0.00205273	0.0186344	0.056186	0.10902	0.162515	0.197334	0.196747	0.155353	0.0856514	0.0165066	7.0048e-20
38	0.160588	0.15771	0.15064	0.138815	0.122275	0.101625	0.0780267	0.053173	0.0292128	0.0079342	7.10018e-18
39	0.169411	0.165802	0.156989	0.142432	0.122475	0.098291	0.0718075	0.0455567	0.0224158	0.00482065	9.24751e-19
40	3.25211e-06	0.000279419	0.00282374	0.0128355	0.0381957	0.0861417	0.156885	0.234695	0.277482	0.190659	2.70265e-15
41	6.88727e-07	6.00973e-05	0.000631628	0.00307899	0.0102117	0.0269714	0.0615418	0.127629	0.250998	0.518877	3.19167e-08
42	0.160593	0.157726	0.15068	0.138888	0.122375	0.101728	0.0780877	0.0531411	0.0290579	0.00772394	1.06158e-19
43	0.00131727	0.012085	0.0374267	0.0761651	0.122235	0.165239	0.191922	0.188876	0.146395	0.0583386	1.71552e-16
44	0.192225	0.186256	0.17194	0.149109	0.11956	0.0866826	0.0548119	0.0282422	0.0100781	0.00109494	6.46983e-22
45	0.00219451	0.0198835	0.0596635	0.114778	0.168844	0.201118	0.195147	0.14822	0.0770198	0.0131318	5.36452e-20
46	0.160135	0.157286	0.150286	0.138576	0.122192	0.101722	0.0783025	0.0535881	0.0296727	0.00824	3.72501e-17
47	0.192064	0.186116	0.171849	0.149087	0.119609	0.086785	0.0549301	0.0283359	0.0101237	0.00109982	3.30372e-22
48	0.164959	0.161704	0.153739	0.140519	0.122254	0.0998548	0.0748825	0.0494492	0.0260284	0.00661061	2.02104e-17
49	0.162386	0.159368	0.151963	0.139608	0.122392	0.101022	0.0767993	0.0515885	0.0277099	0.00716295	3.29428e-18
50	0.192064	0.186116	0.171849	0.149087	0.119609	0.086785	0.0549301	0.0283359	0.0101237	0.00109982	3.30372e-22
51	0.192655	0.186632	0.172191	0.149183	0.119443	0.0864199	0.0544944	0.0279758	0.00993472	0.00107215	1.59885e-21
52	0.000918893	0.00848515	0.0267154	0.0559894	0.0940508	0.135884	0.173557	0.19605	0.188445	0.119904	3.11438e-13
53	0.00197034	0.0179062	0.0541418	0.10558	0.158608	0.194774	0.197343	0.159495	0.0911802	0.0190008	1.82962e-19
54	6.2189e-10	5.08673e-07	1.74858e-05	0.00019118	0.00118325	0.005263	0.0190843	0.061346	0.189738	0.723175	8.13191e-07
55	3.13581e-06	0.000269555	0.00272736	0.0124241	0.037094	0.0840576	0.154121	0.232765	0.279166	0.197372	1.72614e-15
56	0.192156	0.186197	0.171901	0.149101	0.119582	0.0867268	0.0548622	0.0282813	0.0100965	0.00109659	5.05661e-22
57	0.15901	0.156253	0.149471	0.138105	0.122154	0.102136	0.0790934	0.0545708	0.0305607	0.00864657	7.5195e-18
58	0.192064	0.186116	0.171849	0.149087	0.119609	0.086785	0.0549301	0.0283359	0.0101237	0.00109982	3.30372e-22
59	0.192444	0.186449	0.172074	0.149157	0.119512	0.0865567	0.0546483	0.0280939	0.0099885	0.00107608	4.6127e-22
60	4.2592e-09	3.43198e-06	0.000113575	0.00116042	0.00646537	0.0246711	0.0718725	0.168165	0.316781	0.410768	2.4536e-14
61	0.192623	0.186606	0.172178	0.149185	0.119461	0.086445	0.054516	0.0279855	0.00993242	0.00106822	6.64658e-22
62	4.85586e-06	0.000414958	0.00413629	0.018348	0.0525726	0.112224	0.189028	0.252687	0.251148	0.119436	7.23099e-17
63	0.00124406	0.0114259	0.0354858	0.0725801	0.117399	0.160534	0.18956	0.191113	0.153896	0.0667614	1.04984e-15
64	7.48789e-07	6.52927e-05	0.000685019	0.00332874	0.0109861	0.0288108	0.0650738	0.132978	0.255569	0.502502	1.23812e-08
65	0.192347	0.186362	0.172009	0.149126	0.119522	0.0866047	0.0547223	0.0281716	0.0100442	0.00109147	7.24353e-22
66	1.36863e-06	0.000118684	0.00122786	0.00581979	0.0184809	0.0458252	0.0955838	0.174169	0.280436	0.378338	8.36226e-11
67	0.15907	0.156319	0.149552	0.138202	0.122257	0.102222	0.0791203	0.0544948	0.0303611	0.00840273	1.19628e-19
68	0.192124	0.186168	0.171883	0.149096	0.119591	0.0867472	0.0548861	0.0283007	0.0101063	0.00109782	4.45663e-22
69	0.00111887	0.0102978	0.0321527	0.066387	0.108956	0.152154	0.185058	0.194577	0.166939	0.0823582	8.98703e-16
70	0.192279	0.186303	0.171971	0.149117	0.119543	0.0866482	0.0547721	0.0282106	0.0100628	0.0010933	6.94827e-22
71	1.99248e-06	0.000172158	0.0017648	0.00822854	0.0254702	0.0608324	0.120223	0.202408	0.287525	0.293373	1.4592e-12
72	0.00125221	0.0115	0.0357083	0.0730073	0.118014	0.161208	0.190033	0.191034	0.152974	0.0652675	2.15874e-16
73	0.192269	0.186295	0.171965	0.149115	0.119546	0.0866545	0.0547795	0.0282165	0.0100657	0.00109362	6.88803e-22
74	0.159336	0.156554	0.149713	0.138253	0.122181	0.102034	0.0788751	0.054282	0.030279	0.00849389	6.2793e-18
75	0.192346	0.186361	0.172008	0.149125	0.119522	0.0866053	0.0547234	0.0281728	0.0100451	0.00109172	7.17562e-22
76	0.000939244	0.0086706	0.0272793	0.0570958	0.0957072	0.137836	0.175202	0.196418	0.186332	0.114519	2.81392e-14
77	0.192064	0.186116	0.171849	0.149087	0.119609	0.086785	0.0549301	0.0283359	0.0101237	0.00109982	3.30372e-22
78	0.192064	0.186116	0.171849	0.149087	0.119609	0.086785	0.0549301	0.0283359	0.0101237	0.00109982	3.30372e-22
79	1.07034e-06	9.30448e-05	0.000968599	0.00464177	0.0149923	0.0380969	0.0822523	0.157406	0.272955	0.428593	4.05068e-10
80	0.174764	0.170666	0.1607	0.144363	0.122245	0.0959386	0.0678906	0.0411296	0.0188354	0.00346852	8.67037e-20
81	2.48733e-06	0.0002144	0.00218446	0.0100752	0.0306646	0.0714587	0.136344	0.218112	0.286013	0.244931	2.25316e-14
82	0.193219	0.187129	0.172537	0.149305	0.11932	0.0860943	0.0540729	0.0275947	0.00970502	0.00102389	8.9581e-22
83	0.192233	0.186263	0.171944	0.14911	0.119556	0.0866771	0.0548062	0.0282384	0.0100769	0.00109511	4.86799e-22
84	0.192444	0.186449	0.172074	0.149157	0.119512	0.0865567	0.0546483	0.0280939	0.0099885	0.00107608	4.6127e-22
