
*** RUNNING MODEL 7 (Beta) ***
######################################

>Done in 319 seconds 

-1007.54188615702

------------------------------------------------

dN/dS = 0.0723355 (sample variance = 0.0184854)

Rate[1]=  0.00000002 (weight=0.1000000)
Rate[2]=  0.00000321 (weight=0.1000000)
Rate[3]=  0.00006343 (weight=0.1000000)
Rate[4]=  0.00050459 (weight=0.1000000)
Rate[5]=  0.00245585 (weight=0.1000000)
Rate[6]=  0.00883654 (weight=0.1000000)
Rate[7]=  0.02608481 (weight=0.1000000)
Rate[8]=  0.06775465 (weight=0.1000000)
Rate[9]=  0.16551512 (weight=0.1000000)
Rate[10]=  0.45213715 (weight=0.1000000)

------------------------------------------------

 No rate classes with dN/dS>1.

------------------------------------------------

Tabulated Posteriors for Each Site
Sites in Columns, Rate Classes in Rows
Import the following part into a data processing program
for further analysis


Rate/Site	Rate=1.8271e-08	Rate=3.21166e-06	Rate=6.34331e-05	Rate=0.000504593	Rate=0.00245585	Rate=0.00883654	Rate=0.0260848	Rate=0.0677547	Rate=0.165515	Rate=0.452137
1	0.135247	0.135243	0.135164	0.134583	0.132044	0.124074	0.104868	0.0699102	0.0271186	0.00174843
2	0.139787	0.139782	0.139677	0.138914	0.135589	0.12527	0.10119	0.0606017	0.0185223	0.000666791
3	0.141429	0.141423	0.141308	0.140471	0.13683	0.125577	0.0996293	0.0571336	0.0157771	0.000421452
4	1.51079e-07	2.65558e-05	0.000524225	0.00415397	0.0198746	0.0676283	0.17175	0.311129	0.332088	0.0928253
5	0.123676	0.123674	0.123636	0.123359	0.12214	0.118243	0.108356	0.087928	0.0544605	0.0145285
6	0.13058	0.130577	0.130516	0.130069	0.128112	0.12193	0.106753	0.0777926	0.0379947	0.00567626
7	2.07743e-07	3.65155e-05	0.000720692	0.00570257	0.027111	0.0903605	0.217103	0.345109	0.276015	0.0378411
8	0.129299	0.129296	0.12924	0.12883	0.127035	0.121346	0.107276	0.0799485	0.0409472	0.00678293
9	0.129873	0.129869	0.129812	0.129389	0.127535	0.121666	0.107176	0.0791502	0.0395691	0.00596113
10	0.133584	0.13358	0.133506	0.132969	0.130618	0.123232	0.105385	0.0726044	0.0312099	0.00331222
11	2.21117e-07	3.88662e-05	0.000767058	0.00606779	0.0288123	0.0956485	0.227302	0.351497	0.261949	0.0279174
12	1.85793e-07	3.26575e-05	0.000644596	0.00510331	0.024322	0.0817193	0.200608	0.335391	0.299402	0.0527761
13	1.63602e-07	2.8757e-05	0.000567649	0.00449647	0.0214795	0.072717	0.182192	0.319947	0.320181	0.0783905
14	1.34768e-07	2.36888e-05	0.00046765	0.00370697	0.0177633	0.0607517	0.156444	0.293358	0.341233	0.126251
15	1.98859e-07	3.4954e-05	0.000689895	0.00546014	0.0259845	0.0868896	0.210595	0.341666	0.285542	0.0431371
16	0.140719	0.140713	0.140603	0.139799	0.136298	0.125457	0.100327	0.0586428	0.016927	0.000512546
17	0.136239	0.136235	0.13615	0.135532	0.132832	0.124377	0.104144	0.0679199	0.0251196	0.00145151
18	6.23369e-36	1.04609e-24	3.1423e-18	9.96531e-14	2.66967e-10	1.51234e-07	2.86347e-05	0.00226065	0.0778376	0.919873
19	0.132794	0.13279	0.13272	0.132212	0.129985	0.122974	0.105928	0.0741624	0.0328492	0.00358501
20	3.46922e-14	1.0719e-09	4.17876e-07	2.63182e-05	0.000610575	0.00738537	0.0535697	0.23255	0.499344	0.206513
21	0.136597	0.136593	0.136506	0.135875	0.133118	0.12449	0.103891	0.0672091	0.024389	0.0013327
22	0.13657	0.136566	0.136479	0.135849	0.133096	0.124482	0.10391	0.0672625	0.0244433	0.00134132
23	0.136317	0.136312	0.136227	0.135606	0.132894	0.124402	0.10409	0.0677659	0.0249604	0.00142523
24	3.655e-21	1.98507e-14	1.5284e-10	7.65486e-08	8.63156e-06	0.000374018	0.00791668	0.0870137	0.435188	0.469499
25	0.13438	0.134376	0.134301	0.133748	0.13133	0.12373	0.105339	0.0715164	0.0290653	0.00221412
26	0.136222	0.136217	0.136133	0.135515	0.132818	0.124371	0.104156	0.067954	0.0251561	0.00145812
27	5.8728e-29	5.60669e-20	8.52805e-15	3.40294e-11	1.88052e-08	2.99918e-06	0.000199216	0.00658963	0.113346	0.879862
28	2.7898e-14	8.61977e-10	3.36059e-07	2.11742e-05	0.000492153	0.00598954	0.0441765	0.199835	0.474877	0.274608
29	0.137645	0.13764	0.137547	0.13687	0.133914	0.124698	0.102906	0.0649654	0.0225892	0.00122525
30	2.89474e-43	8.53893e-30	5.06591e-22	1.27777e-16	1.66481e-12	3.38542e-09	1.88043e-06	0.000380224	0.0311129	0.968505
31	7.79571e-29	7.44244e-20	1.13196e-14	4.51468e-11	2.48962e-08	3.94388e-06	0.000257483	0.00821229	0.132234	0.859292
32	0.133937	0.133933	0.133858	0.133309	0.130913	0.123387	0.105229	0.0719999	0.030408	0.00302666
33	0.136758	0.136753	0.136666	0.136028	0.133245	0.12454	0.103775	0.0668887	0.024064	0.0012817
34	0.137779	0.137774	0.13768	0.136995	0.134009	0.124703	0.102739	0.0646527	0.022417	0.00125221
35	0.13971	0.139704	0.1396	0.138842	0.135537	0.125275	0.101301	0.0607865	0.0185966	0.000647864
36	0.137701	0.137696	0.137603	0.13692	0.133943	0.124666	0.102769	0.0647889	0.0226075	0.0013063
37	0.137347	0.137343	0.137251	0.136583	0.133668	0.124577	0.103063	0.0655132	0.0232606	0.00139323
38	0.136843	0.136839	0.13675	0.136101	0.13327	0.12443	0.103442	0.0665184	0.0242464	0.00155913
39	0.138918	0.138913	0.138814	0.13809	0.134936	0.12512	0.102042	0.0624626	0.0199431	0.000762275
40	0.139247	0.139242	0.139141	0.138403	0.135184	0.12518	0.101725	0.0617577	0.019395	0.000725684
41	0.141546	0.14154	0.141425	0.140582	0.136918	0.125596	0.0995123	0.0568837	0.0155897	0.000407202
42	0.141899	0.141893	0.141776	0.140918	0.137186	0.125667	0.0991834	0.056137	0.0149867	0.000354533
43	0.135369	0.135365	0.135285	0.134699	0.132141	0.124112	0.104781	0.069667	0.0268719	0.00171006
44	0.142175	0.142168	0.142049	0.141174	0.137373	0.125654	0.0988082	0.0555216	0.0147105	0.000367177
45	0.136371	0.136366	0.136281	0.135658	0.132937	0.124419	0.104051	0.0676585	0.0248498	0.00140719
46	0.131856	0.131853	0.131787	0.131303	0.129186	0.122511	0.106231	0.0756488	0.0350619	0.0045626
47	0.13849	0.138485	0.138388	0.137682	0.134603	0.125011	0.102397	0.0633449	0.0207414	0.000856751
48	1.98026e-07	3.48075e-05	0.000687007	0.00543747	0.0258806	0.0865857	0.210127	0.34181	0.286683	0.0427537
49	0.139033	0.139027	0.138926	0.138189	0.134977	0.125001	0.101667	0.0620733	0.0201446	0.000961958
50	0.139452	0.139447	0.139345	0.138597	0.135338	0.125215	0.101523	0.0613197	0.0190617	0.000701797
51	0.134575	0.134571	0.134494	0.133935	0.131491	0.123808	0.105237	0.07116	0.0286254	0.00210295
52	0.141208	0.141202	0.141089	0.140262	0.136665	0.12554	0.0998468	0.057603	0.0161338	0.000449625
53	0.139614	0.139609	0.139504	0.138741	0.135415	0.125106	0.10111	0.0608504	0.0191832	0.000867465
54	0.143285	0.143278	0.143151	0.142223	0.138191	0.125797	0.0976399	0.0531431	0.0130361	0.000255287
55	0.139133	0.139128	0.139026	0.138286	0.135059	0.125038	0.101606	0.0618785	0.0199258	0.000920211

*** RUNNING MODEL 8 (Beta & w) ***
######################################

>Done in 504 seconds 

-1008.10968044839

------------------------------------------------

dN/dS = 0.121339 (sample variance = 0.0650687)

Rate[1]=  0.00115216 (weight=0.0953839)
Rate[2]=  0.00411450 (weight=0.0953839)
Rate[3]=  0.00776579 (weight=0.0953839)
Rate[4]=  0.01212497 (weight=0.0953839)
Rate[5]=  0.01735261 (weight=0.0953839)
Rate[6]=  0.02374871 (weight=0.0953839)
Rate[7]=  0.03186578 (weight=0.0953839)
Rate[8]=  0.04284876 (weight=0.0953839)
Rate[9]=  0.05976042 (weight=0.0953839)
Rate[10]=  0.58742950 (weight=0.0953839)
Rate[11]=  1.00000000 (weight=0.0461607)

------------------------------------------------

 Sites with dN/dS>1 (Posterior cutoff = 0.5)



------------------------------------------------

 Sites with dN/dS<=1 (Posterior cutoff = 0.5)

1 (7.44083e-06)
2 (1.52542e-06)
3 (6.01821e-07)
4 (0.00235469)
5 (0.000877931)
6 (0.000169836)
7 (0.000317575)
8 (0.00022775)
9 (0.000163893)
10 (6.05443e-05)
11 (0.000134886)
12 (0.000592325)
13 (0.0016712)
14 (0.00570942)
15 (0.00041239)
16 (8.98433e-07)
17 (5.66329e-06)
18 (0.247153)
19 (6.18934e-05)
20 (0.00707202)
21 (4.70358e-06)
22 (4.77973e-06)
23 (5.46179e-06)
24 (0.0537652)
25 (1.40365e-05)
26 (5.73695e-06)
27 (0.295133)
28 (0.0193544)
29 (6.49003e-06)
30 (0.3758)
31 (0.2135)
32 (4.81621e-05)
33 (4.33041e-06)
34 (7.65057e-06)
35 (1.28017e-06)
36 (8.69505e-06)
37 (9.64733e-06)
38 (1.21357e-05)
39 (1.57866e-06)
40 (1.66681e-06)
41 (5.58973e-07)
42 (3.85183e-07)
43 (7.16579e-06)
44 (5.54541e-07)
45 (5.32142e-06)
46 (0.000113258)
47 (2.07202e-06)
48 (0.000370104)
49 (4.9961e-06)
50 (1.64977e-06)
51 (1.23558e-05)
52 (6.94341e-07)
53 (4.27196e-06)
54 (2.45071e-07)
55 (4.47601e-06)


------------------------------------------------

Tabulated Posteriors for Each Site
Sites in Columns, Rate Classes in Rows
Import the following part into a data processing program
for further analysis


Rate/Site	Rate=0.00115216	Rate=0.0041145	Rate=0.00776579	Rate=0.012125	Rate=0.0173526	Rate=0.0237487	Rate=0.0318658	Rate=0.0428488	Rate=0.0597604	Rate=0.587429	Rate=1
1	0.133456	0.129803	0.125439	0.120421	0.11467	0.108007	0.10011	0.0903406	0.0771397	0.000606176	7.44083e-06
2	0.139766	0.134902	0.129141	0.12259	0.115176	0.106721	0.0968906	0.0850348	0.0695886	0.000189364	1.52542e-06
3	0.142109	0.136775	0.130478	0.123345	0.115309	0.106195	0.0956708	0.0830919	0.0669156	0.000110976	6.01821e-07
4	0.00734586	0.0255897	0.046844	0.07052	0.0966115	0.125352	0.157206	0.192962	0.233983	0.041231	0.00235469
5	0.121379	0.119647	0.117548	0.115094	0.112222	0.108812	0.104643	0.0992698	0.0915633	0.00894526	0.000877931
6	0.12832	0.125528	0.122176	0.118297	0.113818	0.108581	0.102301	0.0944112	0.0835025	0.00289495	0.000169836
7	0.00841496	0.0290418	0.0525573	0.0780485	0.105196	0.133807	0.163655	0.19423	0.223754	0.0109788	0.000317575
8	0.126906	0.124351	0.121276	0.11771	0.113579	0.108732	0.102894	0.0955177	0.085234	0.00357153	0.00022775
9	0.127382	0.124758	0.121601	0.117941	0.113703	0.108735	0.102755	0.0952068	0.0847011	0.0030545	0.000163893
10	0.131676	0.128311	0.124287	0.119655	0.11434	0.108172	0.100844	0.0917509	0.0793993	0.00150488	6.05443e-05
11	0.00860852	0.0296608	0.0535679	0.0793543	0.10664	0.135148	0.164523	0.194011	0.22126	0.00709187	0.000134886
12	0.00803382	0.0278265	0.0505817	0.075512	0.102421	0.131279	0.162125	0.194928	0.229035	0.0176661	0.000592325
13	0.00761937	0.0264794	0.0483317	0.0725086	0.098928	0.127719	0.159175	0.193756	0.232015	0.031796	0.0016712
14	0.00693332	0.0242084	0.0444423	0.0671338	0.0923525	0.120436	0.152021	0.188255	0.231443	0.0670656	0.00570942
15	0.00825723	0.0285406	0.0517465	0.0770148	0.104078	0.132811	0.163097	0.194624	0.226068	0.0133502	0.00041239
16	0.141005	0.135894	0.129851	0.122993	0.115251	0.106447	0.0962477	0.0840054	0.0681648	0.000141539	8.98433e-07
17	0.134742	0.130848	0.126205	0.120879	0.114791	0.107761	0.0994634	0.0892538	0.0755631	0.000488574	5.66329e-06
18	3.3576e-12	1.89671e-09	4.39041e-08	3.91101e-07	2.23626e-06	1.01163e-05	4.08011e-05	0.000162004	0.000731305	0.7519	0.247153
19	0.130571	0.127409	0.123621	0.119251	0.114223	0.10837	0.101389	0.0926826	0.0807703	0.00165101	6.18934e-05
20	0.000220484	0.00272805	0.0093629	0.0218322	0.0423969	0.074406	0.123348	0.199496	0.326951	0.192186	0.00707202
21	0.135206	0.131226	0.126482	0.121045	0.114836	0.107674	0.0992317	0.0888622	0.0749927	0.000438855	4.70358e-06
22	0.135166	0.131193	0.126458	0.121031	0.114832	0.107682	0.0992517	0.0888958	0.0750416	0.000442935	4.77973e-06
23	0.134835	0.130924	0.12626	0.120912	0.1148	0.107744	0.0994171	0.0891754	0.0754487	0.000478331	5.46179e-06
24	1.79084e-06	7.89717e-05	0.000510318	0.00185257	0.00513118	0.012274	0.0271631	0.0586781	0.132795	0.70775	0.0537652
25	0.132435	0.128963	0.12481	0.120028	0.114538	0.108166	0.100593	0.0911944	0.0784298	0.000827773	1.40365e-05
26	0.134715	0.130826	0.126189	0.120869	0.114788	0.107766	0.0994765	0.089276	0.0755958	0.000491929	5.73695e-06
27	5.12264e-10	8.14978e-08	1.00657e-06	5.7915e-06	2.33737e-05	7.82202e-05	0.000238838	0.000720392	0.00240926	0.70139	0.295133
28	0.000180931	0.00224455	0.00772856	0.0180915	0.0352976	0.0623043	0.104048	0.169973	0.282937	0.29784	0.0193544
29	0.136653	0.132386	0.127313	0.121518	0.114923	0.107351	0.0984728	0.0876448	0.073305	0.000427467	6.49003e-06
30	5.70825e-15	1.15063e-11	5.02216e-10	6.9771e-09	5.70172e-08	3.52428e-07	1.90338e-06	1.01351e-05	6.35552e-05	0.624124	0.3758
31	7.64608e-10	1.2138e-07	1.49525e-06	8.57714e-06	3.44948e-05	0.000114962	0.000349283	0.00104691	0.0034705	0.781473	0.2135
32	0.132064	0.128633	0.124532	0.119814	0.114402	0.108127	0.100678	0.0914444	0.078924	0.00133361	4.81621e-05
33	0.135408	0.13139	0.126603	0.121118	0.114855	0.107636	0.0991305	0.0886916	0.0747449	0.000418572	4.33041e-06
34	0.136926	0.132602	0.127466	0.121601	0.114932	0.107283	0.0983249	0.0874157	0.0729985	0.000443298	7.65057e-06
35	0.139522	0.134707	0.129005	0.122515	0.115167	0.106781	0.0970215	0.0852373	0.0698586	0.000184896	1.28017e-06
36	0.136839	0.13253	0.12741	0.121565	0.114918	0.107294	0.0983639	0.0874881	0.0731122	0.000470617	8.69505e-06
37	0.136347	0.132133	0.127123	0.121397	0.11488	0.107395	0.0986146	0.0878992	0.073694	0.000507099	9.64733e-06
38	0.13566	0.131576	0.126716	0.121156	0.114818	0.107528	0.0989587	0.0884731	0.0745194	0.000583413	1.21357e-05
39	0.138353	0.133772	0.128334	0.122134	0.115096	0.10704	0.0976293	0.0862113	0.0712067	0.000221951	1.57866e-06
40	0.138793	0.134123	0.128585	0.122276	0.115121	0.10694	0.097399	0.0858443	0.0707017	0.000214453	1.66681e-06
41	0.142288	0.136918	0.13058	0.123402	0.115318	0.106153	0.095577	0.0829437	0.0667136	0.000106376	5.58973e-07
42	0.142836	0.137357	0.130894	0.12358	0.115351	0.106032	0.0952921	0.0824872	0.0660818	8.82446e-05	3.85183e-07
43	0.133613	0.12993	0.125532	0.120477	0.114685	0.107978	0.100031	0.0902086	0.0769478	0.000590543	7.16579e-06
44	0.143337	0.137747	0.131162	0.123717	0.115353	0.105897	0.0950214	0.0820892	0.0655806	9.60024e-05	5.54541e-07
45	0.134902	0.130978	0.126301	0.120936	0.114806	0.107731	0.0993836	0.0891187	0.0753662	0.000471082	5.32142e-06
46	0.12971	0.126686	0.12306	0.118874	0.114052	0.108432	0.101718	0.0933257	0.0818062	0.00222318	0.000113258
47	0.137745	0.133281	0.127979	0.121927	0.115049	0.107165	0.0979406	0.0867224	0.0719314	0.000257966	2.07202e-06
48	0.00824583	0.0285062	0.0516951	0.0769575	0.10403	0.132797	0.163148	0.19479	0.226433	0.0130268	0.000370104
49	0.138689	0.134021	0.12849	0.122193	0.11506	0.106913	0.0974226	0.0859468	0.0709336	0.000326024	4.9961e-06
50	0.139084	0.134356	0.128751	0.122369	0.115136	0.106874	0.0972465	0.0856028	0.0703715	0.000208328	1.64977e-06
51	0.132638	0.12913	0.124935	0.120107	0.114566	0.108136	0.100499	0.0910261	0.0781738	0.000777473	1.23558e-05
52	0.141765	0.136501	0.130283	0.123235	0.115291	0.106273	0.0958503	0.0833759	0.0673038	0.000120408	6.94341e-07
53	0.13956	0.134717	0.128987	0.122473	0.115109	0.106717	0.0969702	0.0852272	0.0699448	0.000290278	4.27196e-06
54	0.14511	0.139155	0.132155	0.124263	0.115426	0.105476	0.0940887	0.0806368	0.0636284	6.09239e-05	2.45071e-07
55	0.138799	0.134112	0.128558	0.122235	0.115073	0.106895	0.0973693	0.0858533	0.0707929	0.000308207	4.47601e-06
