
*** RUNNING MODEL 7 (Beta) ***
######################################

>Done in 554 seconds 

-970.778389781505

------------------------------------------------

dN/dS = 0.0318581 (sample variance = 0.00353563)

Rate[1]=  0.00000009 (weight=0.1000000)
Rate[2]=  0.00000701 (weight=0.1000000)
Rate[3]=  0.00008589 (weight=0.1000000)
Rate[4]=  0.00048462 (weight=0.1000000)
Rate[5]=  0.00181212 (weight=0.1000000)
Rate[6]=  0.00529080 (weight=0.1000000)
Rate[7]=  0.01322491 (weight=0.1000000)
Rate[8]=  0.03023733 (weight=0.1000000)
Rate[9]=  0.06805577 (weight=0.1000000)
Rate[10]=  0.19938237 (weight=0.1000000)

------------------------------------------------

 No rate classes with dN/dS>1.

------------------------------------------------

Tabulated Posteriors for Each Site
Sites in Columns, Rate Classes in Rows
Import the following part into a data processing program
for further analysis


Rate/Site	Rate=8.74218e-08	Rate=7.01193e-06	Rate=8.58855e-05	Rate=0.000484617	Rate=0.00181212	Rate=0.0052908	Rate=0.0132249	Rate=0.0302373	Rate=0.0680558	Rate=0.199382
1	0.120707	0.1207	0.120613	0.120176	0.118734	0.115036	0.107033	0.0917219	0.0651547	0.0201243
2	0.112684	0.11268	0.112638	0.112422	0.111707	0.109856	0.10575	0.0974614	0.0813131	0.0434875
3	0.114096	0.114092	0.114042	0.113791	0.11296	0.110813	0.106074	0.0966097	0.0785906	0.0389317
4	0.114136	0.114132	0.114082	0.113832	0.113002	0.110858	0.106122	0.0966519	0.0785782	0.0386051
5	0.120989	0.120981	0.120892	0.120444	0.118963	0.115172	0.106982	0.091372	0.0644938	0.0197119
6	0.117185	0.117179	0.117114	0.116785	0.115697	0.112893	0.106753	0.0947023	0.0726122	0.0290784
7	0.124981	0.124971	0.124853	0.124258	0.122298	0.117309	0.106688	0.0870857	0.0555808	0.0119757
8	0.125013	0.125002	0.124884	0.124288	0.122323	0.117324	0.106683	0.0870485	0.0555097	0.0119246
9	0.12186	0.121852	0.121757	0.121279	0.1197	0.115663	0.106968	0.0905083	0.0625778	0.0178353
10	0.115729	0.115723	0.115666	0.115376	0.114417	0.111942	0.106497	0.0957099	0.0755301	0.0334104
11	0.120989	0.120981	0.120892	0.120444	0.118963	0.115172	0.106982	0.091372	0.0644938	0.0197119
12	0.118689	0.118683	0.118608	0.118234	0.116996	0.113815	0.106887	0.0934509	0.0694385	0.0251987
13	6.55511e-07	5.25745e-05	0.000643589	0.00362098	0.0134097	0.0381732	0.0900707	0.182037	0.311907	0.360084
14	0.123024	0.123015	0.122912	0.122391	0.120672	0.116285	0.10688	0.0892538	0.0599747	0.0155932
15	0.116947	0.116941	0.116877	0.116555	0.115489	0.112741	0.10672	0.0948816	0.0731025	0.029747
16	0.120855	0.120847	0.120759	0.120316	0.118853	0.115105	0.107	0.0915301	0.0648058	0.0199284
17	0.122201	0.122193	0.122096	0.121608	0.119998	0.115879	0.107012	0.0902442	0.0618642	0.0169044
18	0.126711	0.126699	0.126566	0.125897	0.123695	0.118108	0.106307	0.0848808	0.0516275	0.00950852
19	0.124218	0.124208	0.124096	0.123531	0.121671	0.116929	0.106803	0.0879892	0.0573165	0.0132397
20	0.124127	0.124118	0.124006	0.123446	0.121599	0.116891	0.106832	0.0881172	0.0575281	0.0133345
21	0.123978	0.123968	0.123858	0.123304	0.121476	0.116815	0.10685	0.0882881	0.0578667	0.0135974
22	0.123756	0.123747	0.123638	0.123092	0.121289	0.116692	0.106858	0.0885142	0.0583589	0.0140556
23	0.118659	0.118653	0.118579	0.118205	0.11697	0.113796	0.106883	0.0934737	0.0695004	0.0252812
24	0.118877	0.11887	0.118795	0.118418	0.117168	0.113957	0.106961	0.0933856	0.0691078	0.0244612
25	0.125013	0.125002	0.124884	0.124288	0.122323	0.117324	0.106683	0.0870485	0.0555097	0.0119246
26	0.114259	0.114254	0.114204	0.113951	0.113112	0.110943	0.106153	0.0965833	0.0783461	0.0381953
27	0.117679	0.117673	0.117605	0.11726	0.11612	0.113185	0.106773	0.0942527	0.0715388	0.0279124
28	0.115581	0.115576	0.115519	0.115233	0.114285	0.11184	0.106459	0.095792	0.0758087	0.0339071
29	0.12489	0.124879	0.124762	0.124171	0.122222	0.117263	0.106702	0.0871937	0.0557891	0.0121291
30	0.124295	0.124285	0.124172	0.123604	0.121733	0.116966	0.106789	0.0878945	0.0571398	0.0131212
31	0.117059	0.117053	0.116989	0.116663	0.115586	0.11281	0.106731	0.0947897	0.0728656	0.0294544
32	0.121742	0.121734	0.12164	0.121168	0.119611	0.115625	0.107029	0.0907135	0.0628835	0.0178552
33	0.125512	0.125501	0.125378	0.124762	0.12273	0.117565	0.106593	0.0864374	0.0543706	0.0111513
34	0.125018	0.125008	0.12489	0.124293	0.122328	0.117327	0.106682	0.0870404	0.055496	0.0119176
35	0.121431	0.121423	0.121331	0.120867	0.119336	0.115416	0.106963	0.0909154	0.0635116	0.0188061
36	6.98486e-07	5.60211e-05	0.000685746	0.0038572	0.0142725	0.0405401	0.0951763	0.190287	0.318228	0.336897
37	0.117364	0.117358	0.117292	0.116958	0.115853	0.113007	0.106777	0.0945669	0.0722442	0.0285782
38	0.122201	0.122193	0.122096	0.121608	0.119998	0.115879	0.107012	0.0902442	0.0618642	0.0169044
39	0.120836	0.120828	0.120741	0.120299	0.11884	0.115103	0.107018	0.0915749	0.064859	0.0198998
40	0.119124	0.119117	0.11904	0.118652	0.117371	0.11408	0.106924	0.0930873	0.0685228	0.0240824
41	0.125204	0.125193	0.125073	0.124469	0.122479	0.117417	0.10665	0.0868158	0.0550742	0.0116254
42	0.122467	0.122459	0.122359	0.121859	0.120207	0.115986	0.10692	0.0898508	0.0612185	0.0166735
43	0.119186	0.119179	0.119102	0.118713	0.117427	0.114125	0.106944	0.0930594	0.0684082	0.0238569
44	0.120096	0.120089	0.120006	0.119586	0.118198	0.114641	0.106936	0.0921655	0.0664054	0.0218764
45	0.11625	0.116245	0.116184	0.115879	0.114868	0.112264	0.106548	0.0952833	0.0744304	0.0320481
46	0.113972	0.113968	0.113919	0.113673	0.112858	0.11075	0.106092	0.0967649	0.0789085	0.0390938
47	0.121816	0.121808	0.121713	0.121235	0.119657	0.115623	0.106937	0.090505	0.0626517	0.0180556
48	0.114863	0.114858	0.114805	0.114538	0.113652	0.111362	0.106314	0.0962576	0.0772204	0.0361298
49	0.114201	0.114197	0.114147	0.113896	0.113066	0.110918	0.106171	0.0966729	0.0785114	0.03822
50	0.124643	0.124633	0.124518	0.123936	0.122021	0.117142	0.106742	0.0874899	0.0563502	0.012525
51	0.117267	0.117261	0.117196	0.116865	0.115769	0.112947	0.106768	0.094647	0.0724491	0.0288305
52	9.26109e-07	7.42756e-05	0.000908961	0.00510608	0.0188117	0.0528291	0.120852	0.228576	0.338055	0.234785
53	0.125418	0.125408	0.125286	0.124673	0.122655	0.117521	0.106612	0.0865542	0.0545844	0.0112882
54	0.125292	0.125281	0.125161	0.124553	0.122552	0.11746	0.106635	0.0867087	0.0548728	0.0114852
55	8.01875e-07	6.43125e-05	0.000787142	0.00442474	0.0163382	0.0461538	0.107013	0.208353	0.328837	0.288028
56	6.30338e-13	4.05494e-09	6.07966e-07	1.92961e-05	0.000266991	0.00221434	0.0129967	0.0594362	0.22402	0.701046
57	0.124731	0.124721	0.124604	0.124016	0.12208	0.117151	0.10666	0.0872905	0.0561233	0.0126229
58	9.51814e-07	7.63369e-05	0.000934158	0.00524679	0.01932	0.0541818	0.123562	0.232181	0.338667	0.225829
59	6.91074e-07	5.54266e-05	0.000678473	0.00381641	0.0141231	0.0401274	0.094271	0.188764	0.316873	0.34129
60	0.125059	0.125049	0.12493	0.124332	0.122361	0.117347	0.106676	0.0869927	0.055404	0.01185
61	0.11661	0.116604	0.116542	0.116228	0.115189	0.11251	0.106636	0.0950743	0.0737426	0.0308636
62	9.22541e-07	7.39894e-05	0.000905462	0.0050865	0.0187405	0.0526361	0.120448	0.22797	0.337736	0.236402
63	2.56231e-19	1.3221e-13	2.4283e-10	4.35187e-08	2.25685e-06	5.49831e-05	0.000817918	0.0088092	0.0797632	0.910552
64	9.03616e-07	7.24717e-05	0.000886905	0.0049827	0.0183636	0.051618	0.118334	0.224871	0.336316	0.244555
65	0.125246	0.125236	0.125115	0.12451	0.122514	0.117437	0.106642	0.0867642	0.0549772	0.0115579
66	1.96907e-25	8.149e-18	1.83287e-13	1.85147e-10	3.5775e-08	2.52101e-06	9.17659e-05	0.00215954	0.0398444	0.957902

*** RUNNING MODEL 8 (Beta & w) ***
######################################

>Done in 741 seconds 

-970.724757070622

------------------------------------------------

dN/dS = 0.0369721 (sample variance = 0.045144)

Rate[1]=  0.00000015 (weight=0.0999689)
Rate[2]=  0.00000997 (weight=0.0999689)
Rate[3]=  0.00010871 (weight=0.0999689)
Rate[4]=  0.00056467 (weight=0.0999689)
Rate[5]=  0.00198210 (weight=0.0999689)
Rate[6]=  0.00550410 (weight=0.0999689)
Rate[7]=  0.01321087 (weight=0.0999689)
Rate[8]=  0.02921793 (weight=0.0999689)
Rate[9]=  0.06398577 (weight=0.0999689)
Rate[10]=  0.21946869 (weight=0.0999689)
Rate[11]= 11.51185675 (weight=0.0003107)

------------------------------------------------

 Sites with dN/dS>1 (Posterior cutoff = 0.5)



------------------------------------------------

 Sites with dN/dS<=1 (Posterior cutoff = 0.5)

1 (6.91175e-21)
2 (3.41449e-19)
3 (1.09929e-17)
4 (1.74001e-16)
5 (1.05509e-17)
6 (7.26908e-20)
7 (1.51857e-22)
8 (1.06607e-22)
9 (5.5702e-18)
10 (1.17639e-19)
11 (1.05509e-17)
12 (5.4175e-18)
13 (5.33391e-15)
14 (2.32135e-18)
15 (1.77357e-22)
16 (1.73521e-21)
17 (4.17633e-23)
18 (1.57838e-21)
19 (4.82465e-22)
20 (8.10859e-24)
21 (1.85295e-23)
22 (4.21003e-22)
23 (5.46643e-18)
24 (1.21382e-23)
25 (1.06607e-22)
26 (1.86926e-16)
27 (2.16473e-17)
28 (6.89665e-20)
29 (3.24556e-22)
30 (7.07926e-22)
31 (7.89468e-20)
32 (1.94841e-22)
33 (2.07329e-22)
34 (2.03011e-22)
35 (4.02114e-18)
36 (1.64033e-16)
37 (1.4353e-20)
38 (4.17633e-23)
39 (1.85922e-20)
40 (1.0084e-18)
41 (1.43133e-22)
42 (6.59231e-19)
43 (2.5945e-19)
44 (4.72817e-18)
45 (3.39435e-17)
46 (5.20896e-18)
47 (5.21536e-18)
48 (3.67155e-20)
49 (1.38994e-22)
50 (3.50668e-22)
51 (1.21212e-21)
52 (1.01052e-20)
53 (4.63684e-23)
54 (8.85624e-23)
55 (1.33348e-15)
56 (1.1751e-12)
57 (3.64242e-16)
58 (4.12289e-18)
59 (2.00939e-15)
60 (1.51196e-22)
61 (6.74802e-18)
62 (4.34376e-19)
63 (1.37245e-11)
64 (8.93763e-19)
65 (1.50421e-22)
66 (9.82443e-10)


------------------------------------------------

Tabulated Posteriors for Each Site
Sites in Columns, Rate Classes in Rows
Import the following part into a data processing program
for further analysis


Rate/Site	Rate=1.50076e-07	Rate=9.96578e-06	Rate=0.000108714	Rate=0.000564674	Rate=0.0019821	Rate=0.0055041	Rate=0.0132109	Rate=0.0292179	Rate=0.0639858	Rate=0.219469	Rate=11.5119
1	0.12074	0.120729	0.120621	0.120122	0.118586	0.114855	0.1071	0.0926463	0.0676869	0.0169134	6.91175e-21
2	0.112902	0.112897	0.112843	0.112597	0.111835	0.109963	0.105976	0.0981582	0.0831277	0.0397013	3.41449e-19
3	0.114286	0.114279	0.114217	0.113931	0.113045	0.110875	0.106277	0.0973496	0.080549	0.0351915	1.09929e-17
4	0.114331	0.114325	0.114263	0.113977	0.113092	0.110924	0.106328	0.0973953	0.0805452	0.0348197	1.74001e-16
5	0.121007	0.120996	0.120885	0.120374	0.118798	0.114974	0.107041	0.0923068	0.0670444	0.0165731	1.05509e-17
6	0.117318	0.11731	0.117229	0.116853	0.115693	0.112861	0.106907	0.0955355	0.0748731	0.0254192	7.26908e-20
7	0.124872	0.124857	0.12471	0.124032	0.121947	0.116921	0.106643	0.0881283	0.058353	0.00953751	1.51857e-22
8	0.124902	0.124887	0.12474	0.12406	0.121971	0.116935	0.106637	0.0880919	0.0582833	0.00949232	1.06607e-22
9	0.12185	0.121839	0.12172	0.121175	0.119495	0.115424	0.107004	0.0914669	0.0651858	0.01484	5.5702e-18
10	0.115894	0.115887	0.115815	0.115484	0.114462	0.111961	0.106679	0.096503	0.0776599	0.029655	1.17639e-19
11	0.121007	0.120996	0.120885	0.120374	0.118798	0.114974	0.107041	0.0923068	0.0670444	0.0165731	1.05509e-17
12	0.118778	0.118769	0.118676	0.118249	0.11693	0.113719	0.107004	0.0943241	0.0718204	0.0217308	5.4175e-18
13	1.15451e-06	7.66601e-05	0.000835663	0.00432619	0.0150301	0.0406835	0.0923401	0.18189	0.310124	0.354692	5.33391e-15
14	0.122981	0.122968	0.122839	0.122244	0.120416	0.115992	0.106885	0.0902399	0.0626386	0.0127969	2.32135e-18
15	0.11709	0.117082	0.117002	0.116634	0.115497	0.112721	0.106879	0.0957057	0.0753352	0.0260532	1.77357e-22
16	0.120877	0.120866	0.120756	0.120251	0.118694	0.114913	0.107064	0.0924637	0.0673546	0.0167627	1.73521e-21
17	0.122184	0.122172	0.122051	0.121495	0.119781	0.115627	0.10704	0.091209	0.064496	0.0139455	4.17633e-23
18	0.126543	0.126527	0.126361	0.125599	0.123259	0.117635	0.106222	0.0859807	0.054469	0.00740624	1.57838e-21
19	0.124133	0.124119	0.12398	0.123336	0.121357	0.116579	0.106778	0.0890093	0.0600529	0.0106554	4.82465e-22
20	0.124043	0.12403	0.123891	0.123252	0.121288	0.116545	0.106809	0.0891375	0.0602687	0.0107354	8.10859e-24
21	0.123899	0.123885	0.123748	0.123116	0.121172	0.116475	0.106831	0.0893041	0.0605998	0.01097	1.85295e-23
22	0.123683	0.123669	0.123534	0.122911	0.120994	0.116362	0.106845	0.089527	0.0610832	0.0113929	4.21003e-22
23	0.11875	0.118741	0.118648	0.118222	0.116906	0.113702	0.107	0.0943456	0.0718781	0.0218081	5.46643e-18
24	0.118966	0.118957	0.118863	0.118432	0.117101	0.113858	0.107076	0.0942627	0.0715077	0.0209772	1.21382e-23
25	0.124902	0.124887	0.12474	0.12406	0.121971	0.116935	0.106637	0.0880919	0.0582833	0.00949232	1.06607e-22
26	0.11445	0.114444	0.114381	0.114092	0.113197	0.111004	0.106357	0.0973311	0.0803282	0.0344162	1.86926e-16
27	0.1178	0.117792	0.117706	0.117312	0.116097	0.113133	0.106914	0.0950955	0.0738284	0.0243224	2.16473e-17
28	0.115751	0.115744	0.115673	0.115346	0.114336	0.111864	0.106644	0.0965791	0.077919	0.0301448	6.89665e-20
29	0.124783	0.124769	0.124622	0.123948	0.121876	0.11688	0.106659	0.0882334	0.0585567	0.00967318	3.24556e-22
30	0.124203	0.124189	0.124048	0.123401	0.121412	0.11661	0.106763	0.0889229	0.0598911	0.0105601	7.07926e-22
31	0.117194	0.117186	0.117105	0.116733	0.115585	0.112782	0.106887	0.0956204	0.0751178	0.0257906	7.89468e-20
32	0.12174	0.121729	0.121612	0.121073	0.119416	0.115395	0.107069	0.0916656	0.0654855	0.0148155	1.94841e-22
33	0.125379	0.125364	0.125211	0.124509	0.12235	0.117148	0.106536	0.0875025	0.0571778	0.00882307	2.07329e-22
34	0.124908	0.124893	0.124745	0.124066	0.121976	0.116937	0.106636	0.0880837	0.0582691	0.0094862	2.03011e-22
35	0.12144	0.121429	0.121314	0.120784	0.119154	0.115199	0.10701	0.0918576	0.066079	0.0157338	4.02114e-18
36	1.23371e-06	8.19184e-05	0.000892928	0.00462132	0.0160411	0.0433233	0.0978526	0.190796	0.31813	0.32826	1.64033e-16
37	0.117491	0.117483	0.1174	0.117019	0.115841	0.112967	0.106927	0.0954062	0.0745239	0.0249411	1.4353e-20
38	0.122184	0.122172	0.122051	0.121495	0.119781	0.115627	0.10704	0.091209	0.064496	0.0139455	4.17633e-23
39	0.120856	0.120845	0.120736	0.120232	0.11868	0.114911	0.107082	0.0925101	0.0674149	0.0167329	1.85922e-20
40	0.119203	0.119194	0.119098	0.118655	0.11729	0.113968	0.10703	0.0939696	0.0709324	0.0206599	1.0084e-18
41	0.125087	0.125072	0.124922	0.124234	0.122118	0.117018	0.106599	0.0878646	0.0578555	0.0092296	1.43133e-22
42	0.122442	0.12243	0.122306	0.121735	0.119977	0.115721	0.10694	0.0908213	0.0638501	0.0137775	6.59231e-19
43	0.119264	0.119255	0.119158	0.118714	0.117345	0.114011	0.10705	0.0939433	0.0708247	0.0204338	2.5945e-19
44	0.120146	0.120136	0.120032	0.119552	0.118075	0.114485	0.107018	0.0930726	0.0688801	0.018603	4.72817e-18
45	0.116401	0.116394	0.116318	0.115969	0.114892	0.112261	0.106718	0.096089	0.0766003	0.0283572	3.39435e-17
46	0.114172	0.114166	0.114105	0.113824	0.112955	0.110824	0.106303	0.0975032	0.0808584	0.0352911	5.20896e-18
47	0.121811	0.1218	0.121681	0.121136	0.119457	0.115387	0.106974	0.0914582	0.0652425	0.0150538	5.21536e-18
48	0.115052	0.115045	0.114979	0.114673	0.113727	0.111413	0.106512	0.097022	0.0792558	0.0323216	3.67155e-20
49	0.114399	0.114393	0.114331	0.114045	0.113159	0.110987	0.106381	0.0974198	0.0804886	0.0343963	1.38994e-22
50	0.124545	0.124531	0.124387	0.123724	0.121687	0.116771	0.106706	0.0885222	0.0591065	0.0100216	3.50668e-22
51	0.117399	0.117391	0.117309	0.116931	0.115763	0.112913	0.10692	0.0954821	0.0747166	0.0251749	1.21212e-21
52	1.64111e-06	0.000108966	0.00118737	0.00613603	0.0212005	0.0566031	0.124674	0.230746	0.343703	0.21564	1.01052e-20
53	0.125294	0.125279	0.125127	0.124429	0.122283	0.117111	0.106556	0.0876099	0.0573758	0.00893422	4.63684e-23
54	0.125172	0.125157	0.125007	0.124314	0.122186	0.117057	0.106582	0.0877605	0.0576584	0.00910672	8.85624e-23
55	1.4197e-06	9.42662e-05	0.00102736	0.00531325	0.0184017	0.0494246	0.110294	0.20977	0.331663	0.27401	1.33348e-15
56	1.84133e-12	8.11898e-09	9.65407e-07	2.59523e-05	0.000316216	0.00237173	0.0128599	0.0554806	0.202845	0.726099	1.1751e-12
57	0.124631	0.124617	0.124471	0.123801	0.121742	0.116776	0.106622	0.0883254	0.0588711	0.0101423	3.64242e-16
58	1.6856e-06	0.00011192	0.00121951	0.00630098	0.0217581	0.0580115	0.127392	0.234335	0.344626	0.206243	4.12289e-18
59	1.21949e-06	8.0974e-05	0.000882641	0.00456825	0.0158588	0.0428438	0.0968346	0.189088	0.31639	0.333452	2.00939e-15
60	0.124947	0.124932	0.124784	0.124102	0.122007	0.116955	0.106629	0.0880374	0.0581795	0.00942651	1.51196e-22
61	0.11675	0.116743	0.116665	0.116306	0.115199	0.112494	0.106799	0.0958939	0.0759574	0.0271912	6.74802e-18
62	1.63492e-06	0.000108555	0.0011829	0.00611303	0.0211221	0.056401	0.124264	0.230131	0.3433	0.217375	4.34376e-19
63	1.11853e-18	3.27509e-13	4.24895e-10	5.93756e-08	2.54579e-06	5.33511e-05	0.000703742	0.00690464	0.0587026	0.933633	1.37245e-11
64	1.60121e-06	0.000106317	0.00115853	0.00598773	0.0206957	0.0553066	0.122068	0.22692	0.341454	0.226301	8.93763e-19
65	0.125128	0.125113	0.124963	0.124272	0.122151	0.117037	0.106591	0.0878146	0.0577608	0.00917058	1.50421e-22
66	1.39145e-24	2.70541e-17	3.8278e-13	2.77495e-10	4.16047e-08	2.39835e-06	7.4381e-05	0.00154666	0.0262816	0.972095	9.82443e-10
