######################################

>Done in 344 seconds 

-1789.83128856014

------------------------------------------------

dN/dS = 0.1038 (sample variance = 0.0250914)

Rate[1]=  0.00000706 (weight=0.1000000)
Rate[2]=  0.00022313 (weight=0.1000000)
Rate[3]=  0.00153828 (weight=0.1000000)
Rate[4]=  0.00576405 (weight=0.1000000)
Rate[5]=  0.01575294 (weight=0.1000000)
Rate[6]=  0.03571836 (weight=0.1000000)
Rate[7]=  0.07208963 (weight=0.1000000)
Rate[8]=  0.13588672 (weight=0.1000000)
Rate[9]=  0.25097762 (weight=0.1000000)
Rate[10]=  0.52004602 (weight=0.1000000)

------------------------------------------------

 No rate classes with dN/dS>1.

------------------------------------------------

Tabulated Posteriors for Each Site
Sites in Columns, Rate Classes in Rows
Import the following part into a data processing program
for further analysis


Rate/Site	Rate=7.06475e-06	Rate=0.000223129	Rate=0.00153828	Rate=0.00576405	Rate=0.0157529	Rate=0.0357184	Rate=0.0720896	Rate=0.135887	Rate=0.250978	Rate=0.520046
1	0.147733	0.1475	0.146091	0.141658	0.131716	0.113925	0.0875651	0.055393	0.0245372	0.00388208
2	5.04035e-05	0.00158845	0.0108067	0.0388051	0.0959075	0.177956	0.249704	0.250136	0.150323	0.0247214
3	0.141156	0.140978	0.139902	0.136499	0.128786	0.114675	0.0928835	0.0643134	0.0333626	0.00744417
4	0.157696	0.15736	0.155327	0.148973	0.134988	0.110908	0.0776884	0.0418625	0.0139987	0.00119872
5	0.128883	0.128783	0.128176	0.126247	0.121804	0.113397	0.0995796	0.0793696	0.0528996	0.020861
6	3.454e-09	3.43759e-06	0.000161139	0.00216416	0.0145549	0.0607177	0.169413	0.312203	0.3336	0.107183
7	1.00246e-09	9.98824e-07	4.71436e-05	0.000647297	0.00458615	0.0212212	0.0713989	0.18177	0.342078	0.378251
8	0.158828	0.158478	0.156363	0.14976	0.135259	0.110414	0.0764456	0.0403757	0.0130401	0.00103684
9	4.86356e-05	0.00153283	0.0104319	0.037502	0.0929394	0.173415	0.245944	0.251421	0.157516	0.0292497
10	0.145162	0.144953	0.143683	0.139682	0.130667	0.11438	0.0898183	0.0589203	0.0277579	0.00497609
11	1.5036e-09	1.49767e-06	7.0553e-05	0.000962751	0.00672253	0.0302183	0.0964861	0.22441	0.360369	0.280759
12	2.97679e-05	0.000938943	0.00642179	0.0234548	0.0603396	0.121261	0.196567	0.252775	0.235779	0.102432
13	2.79747e-05	0.000882451	0.00603833	0.0220884	0.0570331	0.115458	0.189673	0.249675	0.242879	0.116244
14	0.157864	0.157525	0.15548	0.14909	0.135027	0.110833	0.0775027	0.0416427	0.0138594	0.00117637
15	6.53657e-15	2.05909e-10	6.74188e-08	3.53773e-06	7.16932e-05	0.000820307	0.00644069	0.0386511	0.187559	0.766454
16	0.157621	0.157286	0.155258	0.148922	0.13497	0.110941	0.0777714	0.0419608	0.0140609	0.00120862
17	4.27996e-05	0.00134923	0.00919653	0.0332236	0.0832914	0.158988	0.234785	0.25687	0.180266	0.0419877
18	2.82278e-10	2.81472e-07	1.33478e-05	0.00018606	0.00136614	0.00678811	0.0259933	0.0829368	0.233628	0.649088
19	1.48747e-09	1.48164e-06	6.98062e-05	0.000952928	0.00665986	0.0299871	0.0960125	0.22418	0.361487	0.280649
20	0.151433	0.151166	0.149547	0.144466	0.13314	0.113133	0.0841886	0.0503162	0.020112	0.00249821
21	0.139797	0.139629	0.138613	0.135398	0.128098	0.114687	0.0938207	0.0661003	0.0353745	0.00848298
22	0.157621	0.157286	0.155258	0.148922	0.13497	0.110941	0.0777714	0.0419608	0.0140609	0.00120862
23	0.157767	0.15743	0.155391	0.149022	0.135004	0.110876	0.0776101	0.0417698	0.01394	0.00118946
24	7.42093e-10	7.39561e-07	3.49521e-05	0.000481912	0.00344819	0.0162714	0.0567166	0.153478	0.32137	0.448198
25	0.157756	0.157419	0.155381	0.149014	0.135001	0.11088	0.0776218	0.041785	0.0139509	0.0011916
26	0.158157	0.157814	0.155747	0.149288	0.135086	0.110688	0.077169	0.0412654	0.0136376	0.00114768
27	0.138995	0.138832	0.137849	0.134737	0.127663	0.114643	0.0943097	0.0671182	0.0366156	0.00923872
28	6.56572e-24	2.0609e-16	3.18613e-12	2.29883e-09	3.31547e-07	1.77864e-05	0.000487311	0.00818066	0.0946751	0.896639
29	0.150717	0.150457	0.148881	0.143931	0.132884	0.113317	0.0848696	0.0512935	0.0209192	0.00272944
30	1.34683e-09	1.34165e-06	6.32412e-05	0.000864644	0.00606496	0.0275078	0.0892425	0.213198	0.35805	0.305008
31	1.22931e-09	1.22467e-06	5.77524e-05	0.000790708	0.00556472	0.0254059	0.0834137	0.203443	0.354362	0.326961
32	0.14084	0.140664	0.1396	0.136237	0.128613	0.114654	0.093073	0.0647152	0.0338584	0.00774502
33	1.84733e-05	0.000583003	0.00400049	0.0147663	0.038946	0.0822566	0.145931	0.219614	0.271115	0.222769
34	0.157916	0.157576	0.155527	0.149124	0.135037	0.110807	0.0774434	0.0415764	0.0138212	0.00117183
35	0.158017	0.157676	0.155619	0.149192	0.135054	0.110752	0.0773246	0.041448	0.0137519	0.00116565
36	1.94846e-18	1.935e-12	4.31933e-09	8.19532e-07	4.17671e-05	0.000921676	0.0110183	0.0784887	0.328349	0.58118
37	2.80743e-05	0.00088559	0.00605969	0.0221651	0.057222	0.115803	0.190119	0.249961	0.242546	0.115211
38	0.157782	0.157444	0.155405	0.149032	0.135006	0.110868	0.0775929	0.0417514	0.0139303	0.00118858
39	4.90278e-05	0.00154517	0.0105154	0.0377952	0.0936239	0.17452	0.246998	0.251354	0.155757	0.027842
40	0.138985	0.138823	0.137841	0.134733	0.127668	0.114661	0.0943414	0.0671487	0.0366142	0.00918276
41	0.139675	0.139508	0.138501	0.135312	0.128067	0.114743	0.0939725	0.0662964	0.0354931	0.00843298
42	0.157621	0.157286	0.155258	0.148922	0.13497	0.110941	0.0777714	0.0419608	0.0140609	0.00120862
43	0.159345	0.158988	0.156832	0.150105	0.13535	0.11014	0.0758441	0.039721	0.012678	0.000997684
44	2.86604e-05	0.000904058	0.00618517	0.0226137	0.0583168	0.117759	0.192541	0.251268	0.240365	0.110018
45	0.157621	0.157286	0.155258	0.148922	0.13497	0.110941	0.0777714	0.0419608	0.0140609	0.00120862
46	0.157621	0.157286	0.155258	0.148922	0.13497	0.110941	0.0777714	0.0419608	0.0140609	0.00120862
47	0.125549	0.125465	0.124957	0.123338	0.119599	0.112474	0.10061	0.0828474	0.0585905	0.0265691
48	1.51196e-05	0.000477249	0.00327844	0.0121441	0.0322996	0.0693706	0.126876	0.201394	0.273606	0.280538
49	0.145581	0.145368	0.144076	0.140006	0.130843	0.114314	0.0894587	0.0583457	0.0272213	0.00478692
50	2.28914e-10	2.28287e-07	1.08337e-05	0.000151369	0.00111759	0.0056144	0.0219277	0.0723767	0.216245	0.682556
51	3.25627e-05	0.00102697	0.00701834	0.0255696	0.0653943	0.129892	0.206176	0.255733	0.224062	0.0850953
52	4.39363e-05	0.001385	0.00943772	0.0340646	0.0852212	0.161997	0.237443	0.256408	0.175663	0.0383361
53	0.142054	0.141869	0.140752	0.137223	0.129233	0.114653	0.0922477	0.0631245	0.0320496	0.00679402
54	0.162196	0.161803	0.15943	0.152044	0.135939	0.108763	0.0726319	0.0360605	0.0104679	0.000665276
55	0.160248	0.159879	0.157657	0.150727	0.135556	0.109732	0.0748454	0.0385462	0.0119351	0.000874245
56	2.93056e-05	0.000924379	0.00632301	0.0231037	0.0594955	0.119801	0.194893	0.252161	0.237708	0.105561
57	0.159375	0.159018	0.15686	0.15013	0.135366	0.110141	0.0758215	0.0396755	0.012631	0.00098268
58	0.159975	0.159612	0.15742	0.15058	0.135583	0.109984	0.0752346	0.0388305	0.0119566	0.000824426
59	0.135771	0.135631	0.134784	0.132099	0.125966	0.114559	0.0964012	0.0713009	0.0415289	0.0119588
60	0.160614	0.160241	0.157991	0.150975	0.135629	0.10955	0.0744294	0.0380778	0.0116575	0.000834276
61	0.158332	0.157988	0.155909	0.149414	0.135137	0.110625	0.076986	0.0410286	0.0134677	0.00111214
62	0.144789	0.144582	0.143331	0.139385	0.130491	0.114406	0.0901022	0.0594229	0.0282828	0.00520762
63	0.161661	0.161275	0.158944	0.151683	0.135837	0.109033	0.0732418	0.0367402	0.0108648	0.000720732
64	0.147934	0.1477	0.146282	0.141821	0.131817	0.113921	0.0874198	0.0551196	0.0242389	0.00374699
65	2.67837e-05	0.000844927	0.0057835	0.021179	0.0548241	0.11155	0.184936	0.247332	0.247434	0.12609
66	0.157621	0.157286	0.155258	0.148922	0.13497	0.110941	0.0777714	0.0419608	0.0140609	0.00120862
67	2.42494e-19	2.41071e-13	5.41577e-10	1.0489e-07	5.61152e-06	0.000136423	0.00194455	0.0188265	0.136226	0.842861
68	0.158199	0.157856	0.155786	0.149319	0.135099	0.110674	0.0771257	0.0412077	0.0135945	0.0011379
69	0.157763	0.157426	0.155388	0.149019	0.135003	0.110878	0.0776145	0.0417754	0.0139439	0.00119009
70	0.141832	0.141649	0.140542	0.137045	0.129126	0.114664	0.092412	0.0634227	0.0323686	0.0069396
71	0.134092	0.133963	0.133179	0.130693	0.125002	0.114371	0.0973055	0.0733675	0.0442349	0.0137921
72	0.157621	0.157286	0.155258	0.148922	0.13497	0.110941	0.0777714	0.0419608	0.0140609	0.00120862
73	0.159256	0.158902	0.156762	0.150081	0.135414	0.110303	0.0760293	0.0397747	0.0125566	0.000920289
74	0.135757	0.135617	0.134768	0.132076	0.125929	0.114504	0.0963377	0.071268	0.0415954	0.0121472
75	0.141093	0.140916	0.139843	0.136451	0.128763	0.114691	0.0929469	0.0644066	0.0334375	0.00745145
76	0.157621	0.157286	0.155258	0.148922	0.13497	0.110941	0.0777714	0.0419608	0.0140609	0.00120862
77	2.36253e-05	0.000745401	0.00510679	0.0187545	0.0488771	0.100801	0.17127	0.239107	0.258339	0.156975
78	5.30311e-05	0.00167107	0.0113609	0.040705	0.100082	0.183817	0.253333	0.246359	0.1412	0.0214184
79	2.85583e-05	0.000900838	0.00616316	0.0225335	0.0581122	0.11736	0.191952	0.250748	0.240601	0.111601
80	0.137731	0.137579	0.136659	0.133743	0.127095	0.114786	0.0953524	0.0688901	0.0383598	0.00980476
81	0.161348	0.160966	0.158659	0.151473	0.135778	0.109192	0.0735997	0.0371373	0.0110945	0.000751645
82	0.133399	0.133274	0.132515	0.130107	0.124592	0.11427	0.097648	0.0741983	0.0453703	0.0146272
83	0.1583	0.157956	0.155879	0.149392	0.135129	0.11064	0.0770222	0.0410712	0.0134947	0.00111663
84	0.13727	0.13712	0.13621	0.133328	0.126761	0.114608	0.0954428	0.0693666	0.039236	0.0106558
85	1.2447e-05	0.00039295	0.00270203	0.0100408	0.0269064	0.0586585	0.110235	0.183445	0.271091	0.336515
86	0.161163	0.160783	0.15849	0.151346	0.135737	0.109278	0.0738061	0.0373767	0.0112433	0.000775797
87	0.140374	0.140203	0.139164	0.135879	0.128423	0.114739	0.0934921	0.0653745	0.0344512	0.0079003
88	0.159342	0.158985	0.15683	0.150106	0.135356	0.110151	0.0758543	0.0397194	0.0126641	0.000990556
89	7.54487e-15	2.37744e-10	7.79834e-08	4.1148e-06	8.43449e-05	0.00098151	0.00782882	0.0469082	0.216574	0.727619
90	2.73707e-05	0.000863426	0.00590927	0.0216295	0.0559282	0.113542	0.18746	0.248831	0.24539	0.120419
91	0.158829	0.158478	0.156362	0.149755	0.135246	0.110394	0.076431	0.0403846	0.0130706	0.00105138
92	0.120591	0.12053	0.120158	0.11897	0.11621	0.110887	0.101822	0.087705	0.0670803	0.0360475
93	0.157847	0.157509	0.155465	0.149078	0.135022	0.110839	0.07752	0.0416649	0.0138755	0.00117999
94	0.141851	0.141667	0.140557	0.137049	0.12911	0.114619	0.0923487	0.0633806	0.0323995	0.00701825
95	0.138912	0.138751	0.137773	0.134679	0.127643	0.114683	0.0944168	0.0672573	0.0366984	0.00918628
96	0.157621	0.157286	0.155258	0.148922	0.13497	0.110941	0.0777714	0.0419608	0.0140609	0.00120862
97	0.140466	0.140294	0.139251	0.135953	0.128467	0.114734	0.0934232	0.0652514	0.034321	0.00783964
98	0.157621	0.157286	0.155258	0.148922	0.13497	0.110941	0.0777714	0.0419608	0.0140609	0.00120862
99	0.1583	0.157956	0.155879	0.149392	0.135129	0.11064	0.0770222	0.0410712	0.0134947	0.00111663
100	3.22681e-05	0.00101769	0.00695566	0.0253494	0.0648793	0.129056	0.205362	0.255737	0.225378	0.0862317
101	0.14568	0.145466	0.144169	0.140082	0.130883	0.114296	0.0893715	0.0582097	0.027098	0.00474598
102	9.60495e-10	9.57053e-07	4.51835e-05	0.000620888	0.00440738	0.0204696	0.0693142	0.178297	0.340881	0.385964
103	0.157621	0.157286	0.155258	0.148922	0.13497	0.110941	0.0777714	0.0419608	0.0140609	0.00120862
104	0.15871	0.158361	0.156253	0.149672	0.135217	0.110446	0.0765612	0.0405402	0.0131711	0.00106886

