
*** RUNNING MODEL 7 (Beta) ***
######################################

>Done in 448 seconds 

-1607.44448179486

------------------------------------------------

dN/dS = 0.0322661 (sample variance = 0.00638969)

Rate[1]=  0.00000000 (weight=0.1000000)
Rate[2]=  0.00000000 (weight=0.1000000)
Rate[3]=  0.00000001 (weight=0.1000000)
Rate[4]=  0.00000047 (weight=0.1000000)
Rate[5]=  0.00001112 (weight=0.1000000)
Rate[6]=  0.00014495 (weight=0.1000000)
Rate[7]=  0.00125856 (weight=0.1000000)
Rate[8]=  0.00818426 (weight=0.1000000)
Rate[9]=  0.04420240 (weight=0.1000000)
Rate[10]=  0.26885971 (weight=0.1000000)

------------------------------------------------

 No rate classes with dN/dS>1.

------------------------------------------------

Tabulated Posteriors for Each Site
Sites in Columns, Rate Classes in Rows
Import the following part into a data processing program
for further analysis


Rate/Site	Rate=1.22609e-15	Rate=2.42603e-11	Rate=7.88522e-09	Rate=4.7217e-07	Rate=1.11198e-05	Rate=0.000144946	Rate=0.00125856	Rate=0.00818426	Rate=0.0442024	Rate=0.26886
1	0.114704	0.114704	0.114704	0.114704	0.114694	0.114565	0.113498	0.107083	0.0791536	0.0121914
2	0.114721	0.114721	0.114721	0.11472	0.11471	0.11458	0.113508	0.107064	0.0790512	0.0122041
3	0.1161	0.1161	0.1161	0.116099	0.116086	0.115929	0.114624	0.106838	0.0741824	0.00794327
4	0.111614	0.111614	0.111614	0.111613	0.111607	0.111524	0.110834	0.106641	0.0873119	0.0256283
5	0.114834	0.114834	0.114834	0.114833	0.114823	0.11469	0.113593	0.107004	0.0785306	0.0120245
6	0.113165	0.113165	0.113165	0.113165	0.113156	0.113051	0.112184	0.106941	0.0834651	0.0185433
7	0.114485	0.114485	0.114485	0.114485	0.114475	0.114348	0.113302	0.107014	0.0796296	0.0132899
8	0.114588	0.114588	0.114588	0.114588	0.114578	0.11445	0.113391	0.107025	0.0793439	0.0128606
9	0.11414	0.11414	0.11414	0.114139	0.11413	0.11401	0.113014	0.107022	0.0807132	0.0145524
10	0.111097	0.111097	0.111097	0.111097	0.11109	0.111013	0.110372	0.106472	0.088363	0.0283015
11	0.111434	0.111434	0.111434	0.111434	0.111428	0.111346	0.110671	0.106563	0.0876064	0.0266489
12	1.616e-14	3.19752e-10	1.03927e-07	6.22319e-06	0.000146546	0.00190824	0.0164269	0.101246	0.414251	0.466015
13	0.114717	0.114717	0.114717	0.114716	0.114706	0.114575	0.113496	0.107014	0.0789202	0.0124219
14	1.12782e-14	2.23159e-10	7.25322e-08	4.34325e-06	0.000102279	0.00133223	0.011498	0.0720127	0.320134	0.594917
15	0.114985	0.114985	0.114984	0.114984	0.114973	0.114838	0.113716	0.106989	0.0780262	0.0115202
16	0.116129	0.116129	0.116129	0.116129	0.116116	0.115958	0.114648	0.10683	0.0740713	0.0078602
17	0.114657	0.114657	0.114657	0.114656	0.114646	0.114518	0.113455	0.107068	0.0792588	0.0124261
18	2.80856e-57	4.305e-40	4.80444e-30	6.17704e-23	1.89991e-17	5.47976e-13	3.09028e-09	5.26065e-06	0.00346802	0.996527
19	0.113594	0.113594	0.113594	0.113594	0.113585	0.113474	0.112554	0.106998	0.0823201	0.0166908
20	1.76191e-14	3.48623e-10	1.13311e-07	6.7851e-06	0.000159777	0.00208038	0.0178979	0.109898	0.440695	0.429262
21	0.11484	0.11484	0.11484	0.114839	0.114829	0.114697	0.113607	0.107057	0.0786637	0.011789
22	0.114767	0.114767	0.114767	0.114766	0.114756	0.114626	0.113546	0.10706	0.0788962	0.0120489
23	0.115014	0.115014	0.115014	0.115014	0.115003	0.114868	0.113751	0.107044	0.0780903	0.0111883
24	0.114195	0.114195	0.114195	0.114195	0.114185	0.114064	0.113062	0.10703	0.080569	0.0143094
25	0.113804	0.113804	0.113804	0.113804	0.113795	0.11368	0.11273	0.107001	0.0816828	0.0158949
26	0.114966	0.114966	0.114966	0.114965	0.114955	0.114821	0.113711	0.107048	0.0782496	0.011353
27	2.71601e-57	4.16314e-40	4.64612e-30	5.97349e-23	1.83731e-17	5.29931e-13	2.98905e-09	5.09386e-06	0.00337647	0.996618
28	8.65293e-29	3.38773e-20	3.57885e-15	1.28325e-11	7.11669e-09	1.20827e-06	9.05152e-05	0.00367828	0.0872788	0.908951
29	0.110641	0.110641	0.110641	0.110641	0.110635	0.110563	0.109965	0.106323	0.0892883	0.0306621
30	0.114535	0.114535	0.114535	0.114534	0.114524	0.114397	0.113346	0.107026	0.0795119	0.0130575
31	0.114901	0.114901	0.114901	0.114901	0.11489	0.114757	0.113657	0.107053	0.0784627	0.0115765
32	0.114855	0.114855	0.114855	0.114854	0.114844	0.114711	0.113609	0.106996	0.0784454	0.011976
33	0.113557	0.113557	0.113557	0.113556	0.113548	0.113438	0.112528	0.107036	0.082554	0.0166693
34	1.44101e-28	5.64174e-20	5.96002e-15	2.13705e-11	1.18515e-08	2.01155e-06	0.000150324	0.00601695	0.13203	0.861801
35	1.12879e-14	2.2335e-10	7.25944e-08	4.34697e-06	0.000102367	0.00133339	0.011509	0.0721197	0.321323	0.593608
36	0.114471	0.114471	0.114471	0.114471	0.114461	0.114335	0.113294	0.107035	0.0797327	0.0132575
37	0.114277	0.114277	0.114277	0.114277	0.114267	0.114145	0.11313	0.107022	0.080291	0.0140372
38	0.113966	0.113966	0.113966	0.113966	0.113956	0.113839	0.112869	0.107024	0.0812523	0.0151944
39	0.114937	0.114937	0.114937	0.114937	0.114926	0.114793	0.113688	0.107053	0.0783507	0.0114395
40	0.11487	0.11487	0.11487	0.114869	0.114859	0.114726	0.113632	0.107056	0.0785688	0.0116807
41	0.116082	0.116082	0.116082	0.116081	0.116069	0.115911	0.11461	0.106842	0.0742482	0.00799278
42	0.114911	0.114911	0.114911	0.11491	0.1149	0.114766	0.113665	0.107049	0.078423	0.0115551
43	1.28422e-14	2.54104e-10	8.25903e-08	4.94553e-06	0.000116461	0.00151683	0.0130815	0.0815516	0.35368	0.550049
44	1.75233e-28	6.86059e-20	7.24763e-15	2.59875e-11	1.44117e-08	2.44585e-06	0.000182618	0.00726933	0.154965	0.83758
45	0.114969	0.114969	0.114969	0.114969	0.114958	0.114824	0.113714	0.107048	0.0782384	0.0113413
46	0.110955	0.110955	0.110955	0.110955	0.110948	0.110873	0.110244	0.106418	0.088621	0.0290768
47	0.114433	0.114433	0.114433	0.114432	0.114422	0.114298	0.113268	0.107069	0.0799532	0.0132599
48	1.75084e-14	3.46434e-10	1.126e-07	6.74249e-06	0.000158774	0.00206731	0.0177847	0.109176	0.437506	0.4333
49	0.114356	0.114356	0.114356	0.114355	0.114346	0.114222	0.113196	0.107025	0.0800582	0.0137309
50	0.114776	0.114776	0.114776	0.114775	0.114765	0.114634	0.113554	0.107063	0.0788766	0.0120059
51	0.115014	0.115014	0.115014	0.115014	0.115003	0.114868	0.113751	0.107044	0.0780903	0.0111883
52	0.116123	0.116123	0.116123	0.116122	0.11611	0.115952	0.114643	0.106832	0.0740946	0.00787769
53	0.114706	0.114706	0.114706	0.114705	0.114695	0.114565	0.113486	0.107008	0.0789368	0.0124855
54	0.116254	0.116254	0.116254	0.116253	0.11624	0.116079	0.114745	0.106792	0.0735883	0.00754117
55	0.115416	0.115416	0.115416	0.115415	0.115404	0.11526	0.11407	0.106945	0.0765774	0.0100807
56	0.114536	0.114536	0.114536	0.114535	0.114525	0.114399	0.113355	0.107072	0.0796423	0.0128636
57	0.113445	0.113445	0.113445	0.113445	0.113436	0.113328	0.112429	0.107002	0.0827913	0.0172322
58	0.111516	0.111516	0.111516	0.111516	0.111509	0.111428	0.110751	0.106634	0.0875948	0.02602
59	0.113336	0.113336	0.113336	0.113336	0.113327	0.11322	0.11233	0.106955	0.082983	0.017841
60	0.114336	0.114336	0.114336	0.114336	0.114326	0.114202	0.113178	0.107016	0.0800926	0.0138409
61	0.114884	0.114884	0.114884	0.114883	0.114873	0.11474	0.113642	0.107051	0.0785112	0.0116484
62	0.115014	0.115014	0.115014	0.115014	0.115003	0.114868	0.113751	0.107044	0.0780903	0.0111883
63	0.114578	0.114578	0.114578	0.114577	0.114567	0.11444	0.113389	0.107068	0.0795029	0.0127228
64	0.114522	0.114522	0.114522	0.114522	0.114512	0.114385	0.113335	0.107023	0.0795408	0.0131149
65	0.113158	0.113158	0.113158	0.113157	0.113149	0.113045	0.112186	0.10699	0.083644	0.0183548
66	0.114271	0.114271	0.114271	0.114271	0.114261	0.114139	0.113124	0.10702	0.0803047	0.0140663
67	1.55294e-14	3.07275e-10	9.98721e-08	5.98036e-06	0.000140828	0.00183385	0.0157911	0.0975026	0.402723	0.482003
68	1.58928e-14	3.14465e-10	1.02209e-07	6.1203e-06	0.000144123	0.00187672	0.0161572	0.0996472	0.409124	0.473045
69	0.115696	0.115696	0.115696	0.115695	0.115683	0.115533	0.114294	0.106885	0.0755575	0.0092649
70	0.112494	0.112494	0.112494	0.112494	0.112487	0.112392	0.111612	0.106882	0.0853596	0.02129
71	0.116095	0.116095	0.116095	0.116094	0.116082	0.115924	0.11462	0.106836	0.0741945	0.00796612
72	0.114937	0.114937	0.114937	0.114937	0.114926	0.114793	0.113688	0.107053	0.0783507	0.0114395
73	0.116024	0.116024	0.116024	0.116024	0.116011	0.115855	0.114564	0.106857	0.0744652	0.00815113
74	0.114894	0.114894	0.114894	0.114894	0.114883	0.114751	0.113652	0.107054	0.0784857	0.0115974
75	0.115282	0.115282	0.115282	0.115282	0.115271	0.11513	0.11397	0.107013	0.0771744	0.0103138
76	0.115555	0.115555	0.115555	0.115555	0.115543	0.115397	0.114192	0.106973	0.0762235	0.00945126
77	0.116466	0.116466	0.116466	0.116465	0.116452	0.116286	0.114913	0.106734	0.0727813	0.00697246
78	0.115049	0.115049	0.115049	0.115049	0.115038	0.114901	0.113769	0.10698	0.0778042	0.0113106
79	0.113956	0.113956	0.113956	0.113956	0.113947	0.113831	0.112871	0.107081	0.0814564	0.0149898
80	0.115014	0.115014	0.115014	0.115014	0.115003	0.114868	0.113751	0.107044	0.0780903	0.0111883
81	0.112454	0.112454	0.112454	0.112453	0.112446	0.112352	0.111576	0.106867	0.0854384	0.0215071
82	0.112914	0.112914	0.112914	0.112914	0.112906	0.112805	0.111969	0.106911	0.0841461	0.0196083
83	0.114633	0.114633	0.114633	0.114633	0.114623	0.114495	0.113436	0.107067	0.0793283	0.0125178
84	0.115007	0.115007	0.115007	0.115006	0.114996	0.114861	0.113745	0.107045	0.0781142	0.011213
85	0.116657	0.116657	0.116657	0.116657	0.116643	0.116472	0.115062	0.10667	0.0720257	0.00649916
86	0.113408	0.113408	0.113408	0.113408	0.113399	0.113291	0.1124	0.107017	0.0829541	0.017307
87	0.114853	0.114853	0.114853	0.114852	0.114842	0.11471	0.113618	0.107059	0.0786289	0.0117326
88	0.116657	0.116657	0.116657	0.116657	0.116643	0.116472	0.115062	0.10667	0.0720257	0.00649916
89	0.1149	0.1149	0.1149	0.1149	0.114889	0.114756	0.113657	0.107053	0.0784666	0.011577
90	0.115595	0.115595	0.115595	0.115595	0.115583	0.115435	0.114213	0.106902	0.0759125	0.00957304
91	0.115227	0.115227	0.115227	0.115227	0.115216	0.115076	0.113921	0.106995	0.0772955	0.0105875
92	0.113693	0.113693	0.113693	0.113693	0.113684	0.113572	0.112645	0.10705	0.0821736	0.0161019
93	0.114808	0.114808	0.114808	0.114808	0.114797	0.114666	0.113581	0.107062	0.0787742	0.0118866
94	0.115025	0.115025	0.115025	0.115024	0.115013	0.114878	0.113757	0.107031	0.0780207	0.0112021
95	0.115399	0.115399	0.115399	0.115398	0.115387	0.115244	0.11406	0.106972	0.0767037	0.0100397
96	0.115014	0.115014	0.115014	0.115014	0.115003	0.114868	0.113751	0.107044	0.0780903	0.0111883
97	0.115496	0.115496	0.115496	0.115496	0.115484	0.115339	0.114133	0.106922	0.0762714	0.00986486
98	0.114103	0.114103	0.114103	0.114103	0.114094	0.113975	0.112989	0.10705	0.0809088	0.0145712
99	0.115125	0.115125	0.115125	0.115125	0.115114	0.114976	0.113832	0.106974	0.0775528	0.0110513
100	0.114761	0.114761	0.114761	0.11476	0.11475	0.114618	0.113532	0.107006	0.0787613	0.0122915
101	0.113837	0.113837	0.113837	0.113836	0.113827	0.113713	0.112765	0.107051	0.0817341	0.0155644
102	0.113523	0.113523	0.113523	0.113523	0.113514	0.113404	0.112489	0.106969	0.082449	0.0170832
103	0.113088	0.113088	0.113088	0.113088	0.11308	0.112977	0.112128	0.106986	0.0838472	0.0186287
104	0.112147	0.112147	0.112147	0.112146	0.112139	0.11205	0.11131	0.106819	0.0862412	0.0228542
105	0.11434	0.11434	0.11434	0.11434	0.11433	0.114207	0.113191	0.107073	0.0802488	0.0135906
106	0.114992	0.114992	0.114992	0.114991	0.114981	0.114846	0.113732	0.107047	0.0781655	0.0112622
107	0.115252	0.115252	0.115252	0.115251	0.11524	0.115101	0.113945	0.107016	0.077279	0.0104115
108	0.115014	0.115014	0.115014	0.115014	0.115003	0.114868	0.113751	0.107044	0.0780903	0.0111883
109	0.114977	0.114977	0.114977	0.114976	0.114966	0.114831	0.11372	0.107047	0.0782129	0.0113152
110	0.1144	0.1144	0.1144	0.114399	0.114389	0.114265	0.113233	0.107028	0.0799351	0.0135513
111	0.11403	0.11403	0.11403	0.114029	0.11402	0.113901	0.11292	0.107008	0.0810096	0.0150242
112	5.25491e-43	4.07083e-30	1.39777e-22	3.00115e-17	3.91965e-13	8.67362e-10	5.63716e-07	0.000148187	0.0184767	0.981375

*** RUNNING MODEL 8 (Beta & w) ***
######################################

>Done in 865 seconds 

-1607.44378641398

------------------------------------------------

dN/dS = 0.0323147 (sample variance = 0.00637335)

Rate[1]=  0.00000000 (weight=0.1000000)
Rate[2]=  0.00000000 (weight=0.1000000)
Rate[3]=  0.00000001 (weight=0.1000000)
Rate[4]=  0.00000054 (weight=0.1000000)
Rate[5]=  0.00001224 (weight=0.1000000)
Rate[6]=  0.00015539 (weight=0.1000000)
Rate[7]=  0.00131927 (weight=0.1000000)
Rate[8]=  0.00841606 (weight=0.1000000)
Rate[9]=  0.04472371 (weight=0.1000000)
Rate[10]=  0.26851836 (weight=0.1000000)
Rate[11]=  1.00127313 (weight=0.0000001)

------------------------------------------------

 Sites with dN/dS>1 (Posterior cutoff = 0.5)



------------------------------------------------

 Sites with dN/dS<=1 (Posterior cutoff = 0.5)

1 (3.27323e-11)
2 (3.7386e-11)
3 (9.18983e-12)
4 (6.13655e-10)
5 (5.09878e-11)
6 (2.2733e-10)
7 (7.43201e-11)
8 (6.09227e-11)
9 (9.61405e-11)
10 (9.03957e-10)
11 (7.91295e-10)
12 (1.21402e-08)
13 (5.54064e-11)
14 (6.44706e-08)
15 (4.48938e-11)
16 (8.82161e-12)
17 (3.90096e-11)
18 (1.70756e-06)
19 (1.4847e-10)
20 (5.65101e-09)
21 (3.24812e-11)
22 (3.55804e-11)
23 (2.66017e-11)
24 (8.67031e-11)
25 (1.30578e-10)
26 (2.8153e-11)
27 (1.72436e-06)
28 (2.59628e-07)
29 (1.18527e-09)
30 (6.45858e-11)
31 (3.03465e-11)
32 (5.11425e-11)
33 (1.14928e-10)
34 (6.88258e-08)
35 (5.04996e-08)
36 (6.61907e-11)
37 (8.64572e-11)
38 (1.07841e-10)
39 (2.87141e-11)
40 (3.16519e-11)
41 (9.41227e-12)
42 (3.1219e-11)
43 (2.61646e-08)
44 (3.29789e-08)
45 (2.80373e-11)
46 (1.05632e-09)
47 (5.17438e-11)
48 (7.58367e-09)
49 (7.75508e-11)
50 (3.48462e-11)
51 (2.66017e-11)
52 (8.90003e-12)
53 (5.79881e-11)
54 (7.87572e-12)
55 (2.84062e-11)
56 (4.49651e-11)
57 (1.51892e-10)
58 (5.87822e-10)
59 (2.01617e-10)
60 (8.57815e-11)
61 (3.22579e-11)
62 (2.66017e-11)
63 (4.34358e-11)
64 (6.64824e-11)
65 (1.67639e-10)
66 (8.75714e-11)
67 (1.52795e-08)
68 (1.41878e-08)
69 (2.15765e-11)
70 (2.71325e-10)
71 (9.50415e-12)
72 (2.87141e-11)
73 (1.0039e-11)
74 (3.04455e-11)
75 (2.00021e-11)
76 (1.43865e-11)
77 (5.74197e-12)
78 (4.22544e-11)
79 (7.05685e-11)
80 (2.66017e-11)
81 (2.95106e-10)
82 (2.65248e-10)
83 (4.13002e-11)
84 (2.68354e-11)
85 (4.50792e-12)
86 (1.38201e-10)
87 (3.16258e-11)
88 (4.50792e-12)
89 (3.02335e-11)
90 (2.42912e-11)
91 (2.68752e-11)
92 (1.01094e-10)
93 (3.31507e-11)
94 (2.96695e-11)
95 (2.23434e-11)
96 (2.66017e-11)
97 (2.61105e-11)
98 (8.07655e-11)
99 (3.83102e-11)
100 (5.5669e-11)
101 (9.44975e-11)
102 (1.74294e-10)
103 (1.68572e-10)
104 (3.25721e-10)
105 (5.49172e-11)
106 (2.76276e-11)
107 (2.06644e-11)
108 (2.66017e-11)
109 (2.77992e-11)
110 (7.27611e-11)
111 (1.13203e-10)
112 (5.55135e-07)


------------------------------------------------

Tabulated Posteriors for Each Site
Sites in Columns, Rate Classes in Rows
Import the following part into a data processing program
for further analysis


Rate/Site	Rate=1.69873e-15	Rate=3.04615e-11	Rate=9.34523e-09	Rate=5.36922e-07	Rate=1.22419e-05	Rate=0.000155387	Rate=0.00131927	Rate=0.00841606	Rate=0.0447237	Rate=0.268518	Rate=1.00127
1	0.114771	0.114771	0.114771	0.114771	0.114759	0.114621	0.113506	0.106937	0.0788573	0.0122356	3.27323e-11
2	0.114788	0.114788	0.114788	0.114787	0.114776	0.114637	0.113517	0.106918	0.0787535	0.0122471	3.7386e-11
3	0.11618	0.11618	0.11618	0.11618	0.116166	0.115997	0.114633	0.106661	0.0738455	0.00797608	9.18983e-12
4	0.111656	0.111656	0.111656	0.111656	0.111649	0.11156	0.110839	0.106545	0.0870952	0.025688	6.13655e-10
5	0.114903	0.114903	0.114903	0.114903	0.114891	0.114749	0.113602	0.106854	0.0782274	0.0120641	5.09878e-11
6	0.11322	0.11322	0.11322	0.11322	0.113211	0.113099	0.112192	0.106821	0.0832056	0.0185902	2.2733e-10
7	0.114551	0.114551	0.114551	0.114551	0.11454	0.114405	0.113311	0.106871	0.079336	0.0133317	7.43201e-11
8	0.114655	0.114655	0.114655	0.114655	0.114644	0.114507	0.113399	0.10688	0.0790476	0.0129018	6.09227e-11
9	0.114203	0.114203	0.114203	0.114203	0.114192	0.114064	0.113023	0.106886	0.0804274	0.014594	9.61405e-11
10	0.111137	0.111137	0.111137	0.111136	0.11113	0.111047	0.110377	0.106383	0.0881574	0.0283598	9.03957e-10
11	0.111477	0.111477	0.111477	0.111476	0.111469	0.111382	0.110676	0.106468	0.0873923	0.0267055	7.91295e-10
12	2.22273e-14	3.98579e-10	1.22279e-07	7.02542e-06	0.000160166	0.00203074	0.0170867	0.103175	0.414427	0.463113	1.21402e-08
13	0.114785	0.114785	0.114785	0.114784	0.114773	0.114633	0.113505	0.106867	0.0786202	0.0124622	5.54064e-11
14	1.55376e-14	2.7862e-10	8.54773e-08	4.91101e-06	0.000111964	0.00142007	0.0119807	0.073542	0.321172	0.591768	6.44706e-08
15	0.115055	0.115055	0.115055	0.115055	0.115043	0.114898	0.113725	0.106836	0.0777188	0.0115589	4.48938e-11
16	0.11621	0.11621	0.11621	0.11621	0.116196	0.116026	0.114657	0.106653	0.0737335	0.0078928	8.82161e-12
17	0.114723	0.114723	0.114723	0.114723	0.114712	0.114574	0.113464	0.106923	0.0789635	0.0124703	3.90096e-11
18	1.03746e-56	1.07271e-39	9.50248e-30	1.03543e-22	2.7979e-17	7.25533e-13	3.73885e-09	5.88755e-06	0.00363033	0.996362	1.70756e-06
19	0.113653	0.113653	0.113653	0.113653	0.113643	0.113524	0.112562	0.106872	0.0820491	0.0167355	1.4847e-10
20	2.4219e-14	4.34295e-10	1.33237e-07	7.65495e-06	0.000174517	0.00221253	0.0186045	0.111908	0.440504	0.426589	5.65101e-09
21	0.114908	0.114908	0.114908	0.114907	0.114896	0.114755	0.113615	0.106909	0.0783633	0.0118319	3.24812e-11
22	0.114834	0.114834	0.114834	0.114834	0.114822	0.114683	0.113554	0.106913	0.0785978	0.0120923	3.55804e-11
23	0.115084	0.115084	0.115084	0.115083	0.115071	0.114927	0.113759	0.106892	0.0777851	0.01123	2.66017e-11
24	0.114259	0.114259	0.114259	0.114258	0.114248	0.114118	0.113071	0.106893	0.0802834	0.0143531	8.67031e-11
25	0.113864	0.113864	0.113864	0.113864	0.113854	0.113731	0.112738	0.106871	0.081408	0.0159411	1.30578e-10
26	0.115035	0.115035	0.115035	0.115035	0.115023	0.114879	0.113719	0.106897	0.0779457	0.0113951	2.8153e-11
27	1.00339e-56	1.03749e-39	9.19045e-30	1.00143e-22	2.70603e-17	7.01726e-13	3.61683e-09	5.70176e-06	0.00353514	0.996457	1.72436e-06
28	1.6587e-28	5.33364e-20	5.01996e-15	1.65707e-11	8.61363e-09	1.38663e-06	9.92873e-05	0.0038791	0.0889607	0.907059	2.59628e-07
29	0.110677	0.110677	0.110677	0.110677	0.110671	0.110594	0.109969	0.106239	0.0890944	0.030724	1.18527e-09
30	0.114601	0.114601	0.114601	0.114601	0.11459	0.114454	0.113354	0.106882	0.0792171	0.013099	6.45858e-11
31	0.11497	0.11497	0.11497	0.114969	0.114958	0.114815	0.113666	0.106903	0.0781607	0.011619	3.03465e-11
32	0.114924	0.114924	0.114924	0.114924	0.114912	0.11477	0.113618	0.106846	0.0781416	0.0120154	5.11425e-11
33	0.113614	0.113614	0.113614	0.113613	0.113604	0.113486	0.112536	0.106911	0.0822883	0.0167203	1.14928e-10
34	2.75822e-28	8.86924e-20	8.34762e-15	2.75552e-11	1.43231e-08	2.30503e-06	0.000164627	0.00633285	0.134224	0.859277	6.88258e-08
35	1.55484e-14	2.78814e-10	8.55366e-08	4.91442e-06	0.000112042	0.00142107	0.0119903	0.0736409	0.322331	0.5905	5.04996e-08
36	0.114537	0.114537	0.114537	0.114536	0.114525	0.114391	0.113303	0.106893	0.0794412	0.0133013	6.61907e-11
37	0.114342	0.114342	0.114342	0.114342	0.114331	0.1142	0.113139	0.106883	0.0800014	0.014078	8.64572e-11
38	0.114028	0.114028	0.114028	0.114028	0.114018	0.113892	0.112878	0.106891	0.0809712	0.015237	1.07841e-10
39	0.115007	0.115007	0.115007	0.115006	0.114994	0.114851	0.113696	0.106903	0.0780476	0.0114817	2.87141e-11
40	0.114938	0.114938	0.114938	0.114938	0.114926	0.114785	0.11364	0.106907	0.078267	0.0117228	3.16519e-11
41	0.116163	0.116163	0.116163	0.116162	0.116148	0.11598	0.114619	0.106666	0.0739118	0.00802571	9.41227e-12
42	0.11498	0.11498	0.11498	0.114979	0.114967	0.114825	0.113673	0.1069	0.07812	0.0115968	3.1219e-11
43	1.76779e-14	3.16999e-10	9.72515e-08	5.58748e-06	0.000127386	0.00161551	0.0136191	0.0832036	0.354425	0.547004	2.61646e-08
44	3.35098e-28	1.07753e-19	1.01416e-14	3.34769e-11	1.7401e-08	2.80005e-06	0.000199797	0.00764248	0.157333	0.834822	3.29789e-08
45	0.115039	0.115039	0.115039	0.115038	0.115026	0.114883	0.113722	0.106897	0.0779346	0.0113833	2.80373e-11
46	0.110994	0.110994	0.110994	0.110994	0.110987	0.110906	0.110249	0.10633	0.0884185	0.0291348	1.05632e-09
47	0.114497	0.114497	0.114497	0.114496	0.114486	0.114352	0.113276	0.106929	0.0796643	0.0133058	5.17438e-11
48	2.4072e-14	4.31658e-10	1.32427e-07	7.60847e-06	0.000173457	0.00219908	0.0184906	0.111195	0.437386	0.430548	7.58367e-09
49	0.114421	0.114421	0.114421	0.11442	0.114409	0.114277	0.113204	0.106885	0.0797683	0.0137737	7.75508e-11
50	0.114843	0.114843	0.114843	0.114843	0.114831	0.114692	0.113562	0.106916	0.0785774	0.0120485	3.48462e-11
51	0.115084	0.115084	0.115084	0.115083	0.115071	0.114927	0.113759	0.106892	0.0777851	0.01123	2.66017e-11
52	0.116204	0.116204	0.116204	0.116204	0.11619	0.11602	0.114652	0.106655	0.073757	0.00791034	8.90003e-12
53	0.114774	0.114774	0.114774	0.114774	0.114762	0.114623	0.113495	0.106861	0.0786372	0.0125259	5.79881e-11
54	0.116336	0.116336	0.116336	0.116336	0.116322	0.116149	0.114755	0.106612	0.0732461	0.00757222	7.87572e-12
55	0.11549	0.11549	0.11549	0.11549	0.115477	0.115323	0.114079	0.106783	0.0762595	0.0101181	2.84062e-11
56	0.114601	0.114601	0.114601	0.114601	0.11459	0.114455	0.113363	0.106929	0.0793503	0.0129086	4.49651e-11
57	0.113502	0.113502	0.113502	0.113501	0.113492	0.113376	0.112437	0.106879	0.0825276	0.0172825	1.51892e-10
58	0.111558	0.111558	0.111558	0.111558	0.111551	0.111464	0.110756	0.106539	0.0873796	0.026078	5.87822e-10
59	0.113393	0.113393	0.113393	0.113392	0.113383	0.113268	0.112338	0.106833	0.0827201	0.0178888	2.01617e-10
60	0.114401	0.114401	0.114401	0.1144	0.11439	0.114257	0.113186	0.106876	0.0798034	0.0138839	8.57815e-11
61	0.114952	0.114952	0.114952	0.114952	0.11494	0.114798	0.113651	0.106902	0.0782089	0.0116902	3.22579e-11
62	0.115084	0.115084	0.115084	0.115083	0.115071	0.114927	0.113759	0.106892	0.0777851	0.01123	2.66017e-11
63	0.114643	0.114643	0.114643	0.114643	0.114632	0.114496	0.113397	0.106925	0.0792097	0.0127675	4.34358e-11
64	0.114589	0.114589	0.114589	0.114588	0.114577	0.114442	0.113344	0.10688	0.0792462	0.0131565	6.64824e-11
65	0.113212	0.113212	0.113212	0.113212	0.113202	0.113091	0.112193	0.106872	0.0833875	0.0184061	1.67639e-10
66	0.114335	0.114335	0.114335	0.114335	0.114324	0.114193	0.113133	0.106882	0.0800172	0.0141097	8.75714e-11
67	2.13622e-14	3.83067e-10	1.1752e-07	6.752e-06	0.000153933	0.00195179	0.0164273	0.099377	0.403004	0.479079	1.52795e-08
68	2.186e-14	3.91993e-10	1.20259e-07	6.90932e-06	0.000157519	0.00199721	0.0168064	0.101549	0.409333	0.47015	1.41878e-08
69	0.115773	0.115773	0.115773	0.115772	0.115759	0.115599	0.114303	0.106717	0.0752318	0.00930036	2.15765e-11
70	0.112543	0.112543	0.112543	0.112542	0.112534	0.112434	0.111618	0.106774	0.0851219	0.0213474	2.71325e-10
71	0.116176	0.116176	0.116176	0.116175	0.116161	0.115992	0.114629	0.10666	0.0738567	0.00799824	9.50415e-12
72	0.115007	0.115007	0.115007	0.115006	0.114994	0.114851	0.113696	0.106903	0.0780476	0.0114817	2.87141e-11
73	0.116104	0.116104	0.116104	0.116104	0.11609	0.115923	0.114573	0.106682	0.0741304	0.00818446	1.0039e-11
74	0.114963	0.114963	0.114963	0.114963	0.114951	0.114809	0.11366	0.106904	0.0781838	0.0116399	3.04455e-11
75	0.115355	0.115355	0.115355	0.115354	0.115342	0.115192	0.113979	0.106855	0.0768609	0.0103528	2.00021e-11
76	0.11563	0.11563	0.11563	0.11563	0.115617	0.115461	0.114201	0.10681	0.0759025	0.0094884	1.43865e-11
77	0.116551	0.116551	0.116551	0.11655	0.116535	0.116358	0.114922	0.106548	0.0724332	0.00700213	5.74197e-12
78	0.115121	0.115121	0.115121	0.11512	0.115108	0.114962	0.113778	0.106827	0.077495	0.0113488	4.22544e-11
79	0.114017	0.114017	0.114017	0.114016	0.114006	0.113882	0.112878	0.106949	0.0811801	0.0150385	7.05685e-11
80	0.115084	0.115084	0.115084	0.115083	0.115071	0.114927	0.113759	0.106892	0.0777851	0.01123	2.66017e-11
81	0.112502	0.112502	0.112502	0.112502	0.112494	0.112393	0.111582	0.10676	0.0852003	0.0215623	2.95106e-10
82	0.112966	0.112966	0.112966	0.112966	0.112957	0.112849	0.111975	0.106795	0.0838962	0.0196612	2.65248e-10
83	0.1147	0.1147	0.1147	0.114699	0.114688	0.114551	0.113444	0.106923	0.0790329	0.0125614	4.13002e-11
84	0.115077	0.115077	0.115077	0.115076	0.115064	0.11492	0.113753	0.106893	0.0778093	0.0112548	2.68354e-11
85	0.116744	0.116744	0.116744	0.116743	0.116728	0.116546	0.115071	0.106479	0.0716724	0.00652754	4.50792e-12
86	0.113464	0.113464	0.113464	0.113464	0.113454	0.113339	0.112408	0.106894	0.082691	0.0173569	1.38201e-10
87	0.114921	0.114921	0.114921	0.11492	0.114909	0.114768	0.113626	0.10691	0.0783281	0.0117754	3.16258e-11
88	0.116744	0.116744	0.116744	0.116743	0.116728	0.116546	0.115071	0.106479	0.0716724	0.00652754	4.50792e-12
89	0.114969	0.114969	0.114969	0.114968	0.114957	0.114815	0.113665	0.106904	0.0781646	0.0116195	3.02335e-11
90	0.115671	0.115671	0.115671	0.115671	0.115658	0.1155	0.114222	0.106736	0.0755897	0.00960917	2.42912e-11
91	0.1153	0.1153	0.1153	0.115299	0.115287	0.115137	0.113929	0.106838	0.0769836	0.0106268	2.68752e-11
92	0.113752	0.113752	0.113752	0.113751	0.113742	0.113622	0.112653	0.106923	0.0819032	0.0161505	1.01094e-10
93	0.114876	0.114876	0.114876	0.114876	0.114864	0.114724	0.11359	0.106914	0.0784748	0.0119298	3.31507e-11
94	0.115096	0.115096	0.115096	0.115095	0.115083	0.114938	0.113767	0.106879	0.0777112	0.0112397	2.96695e-11
95	0.115473	0.115473	0.115472	0.115472	0.115459	0.115306	0.114069	0.106811	0.076387	0.0100778	2.23434e-11
96	0.115084	0.115084	0.115084	0.115083	0.115071	0.114927	0.113759	0.106892	0.0777851	0.01123	2.66017e-11
97	0.115572	0.115572	0.115571	0.115571	0.115558	0.115402	0.114142	0.106759	0.0759513	0.00990168	2.61105e-11
98	0.114165	0.114165	0.114165	0.114165	0.114155	0.114027	0.112997	0.106915	0.0806278	0.0146179	8.07655e-11
99	0.115197	0.115197	0.115197	0.115196	0.115184	0.115036	0.11384	0.106819	0.0772431	0.0110907	3.83102e-11
100	0.114829	0.114829	0.114829	0.114829	0.114817	0.114677	0.11354	0.106858	0.0784601	0.0123316	5.5669e-11
101	0.113896	0.113896	0.113896	0.113896	0.113886	0.113763	0.112773	0.106921	0.0814607	0.0156134	9.44975e-11
102	0.113581	0.113581	0.113581	0.11358	0.113571	0.113452	0.112496	0.106843	0.0821831	0.0171329	1.74294e-10
103	0.113142	0.113142	0.113142	0.113141	0.113132	0.113023	0.112134	0.106869	0.0835934	0.0186817	1.68572e-10
104	0.112193	0.112193	0.112193	0.112192	0.112185	0.112089	0.111316	0.106717	0.0860115	0.0229118	3.25721e-10
105	0.114404	0.114404	0.114404	0.114403	0.114393	0.114261	0.113199	0.106934	0.0799622	0.0136368	5.49172e-11
106	0.115062	0.115062	0.115062	0.115061	0.115049	0.114905	0.113741	0.106895	0.0778603	0.0113034	2.76276e-11
107	0.115324	0.115324	0.115324	0.115324	0.115311	0.115162	0.113954	0.10686	0.0769663	0.0104506	2.06644e-11
108	0.115084	0.115084	0.115084	0.115083	0.115071	0.114927	0.113759	0.106892	0.0777851	0.01123	2.66017e-11
109	0.115046	0.115046	0.115046	0.115046	0.115034	0.11489	0.113728	0.106896	0.0779087	0.0113571	2.77992e-11
110	0.114465	0.114465	0.114465	0.114464	0.114454	0.11432	0.113242	0.106888	0.0796439	0.0135937	7.27611e-11
111	0.114092	0.114092	0.114092	0.114091	0.114081	0.113954	0.112928	0.106873	0.0807284	0.0150686	1.13203e-10
112	1.3989e-42	8.06624e-30	2.32909e-22	4.41721e-17	5.23511e-13	1.0696e-09	6.49665e-07	0.000161052	0.0190923	0.980745	5.55135e-07
