
*** RUNNING MODEL 7 (Beta) ***
######################################

>Done in 347 seconds 

-774.07203978437

------------------------------------------------

dN/dS = 0.0306842 (sample variance = 0.00447493)

Rate[1]=  0.00000000 (weight=0.1000000)
Rate[2]=  0.00000005 (weight=0.1000000)
Rate[3]=  0.00000234 (weight=0.1000000)
Rate[4]=  0.00003336 (weight=0.1000000)
Rate[5]=  0.00025565 (weight=0.1000000)
Rate[6]=  0.00132993 (weight=0.1000000)
Rate[7]=  0.00534489 (weight=0.1000000)
Rate[8]=  0.01813140 (weight=0.1000000)
Rate[9]=  0.05686166 (weight=0.1000000)
Rate[10]=  0.22488231 (weight=0.1000000)

------------------------------------------------

 No rate classes with dN/dS>1.

------------------------------------------------

Tabulated Posteriors for Each Site
Sites in Columns, Rate Classes in Rows
Import the following part into a data processing program
for further analysis


Rate/Site	Rate=7.84055e-11	Rate=5.28662e-08	Rate=2.34016e-06	Rate=3.33625e-05	Rate=0.000255647	Rate=0.00132993	Rate=0.00534489	Rate=0.0181314	Rate=0.0568617	Rate=0.224882
1	2.08089e-28	6.37885e-20	5.53273e-15	1.60278e-11	7.19952e-09	1.0055e-06	6.33452e-05	0.00224822	0.0520319	0.945656
2	9.92221e-10	6.6902e-07	2.96141e-05	0.000422061	0.00322697	0.0166084	0.0641293	0.191542	0.409177	0.314863
3	0.110465	0.110465	0.110464	0.110449	0.110341	0.109823	0.107907	0.102034	0.086177	0.041874
4	0.117149	0.117149	0.117147	0.117114	0.116884	0.115775	0.111724	0.0997563	0.0708662	0.0164362
5	6.98299e-10	4.70839e-07	2.08418e-05	0.000297067	0.00227291	0.0117382	0.0459073	0.142813	0.345058	0.451892
6	0.113333	0.113333	0.113331	0.11331	0.113156	0.112415	0.109691	0.101464	0.0802385	0.029729
7	0.113686	0.113686	0.113684	0.113662	0.113503	0.112739	0.10993	0.101449	0.0795933	0.0280678
8	0.118323	0.118323	0.11832	0.118284	0.118024	0.116775	0.112227	0.0989035	0.0675508	0.0132693
9	0.12	0.12	0.119996	0.119953	0.119646	0.11817	0.112819	0.097366	0.0624856	0.00956409
10	0.115543	0.115543	0.115541	0.115513	0.115317	0.114372	0.110909	0.100588	0.0749748	0.0217003
11	2.66675e-28	8.17477e-20	7.09042e-15	2.05396e-11	9.22379e-09	1.28663e-06	8.06827e-05	0.00282179	0.0624589	0.934637
12	0.116352	0.116351	0.116349	0.116319	0.116105	0.115076	0.111313	0.100153	0.0728888	0.0190917
13	4.28837e-19	1.94964e-13	3.82019e-10	7.76284e-08	4.55148e-06	0.00012231	0.0019241	0.02036	0.155436	0.822153
14	0.110125	0.110125	0.110124	0.11011	0.110007	0.109514	0.107689	0.102083	0.0868529	0.0433689
15	0.113989	0.113989	0.113987	0.113964	0.1138	0.113009	0.110104	0.101346	0.0788941	0.0269166
16	6.47599e-10	4.36654e-07	1.93286e-05	0.000275504	0.00210822	0.010895	0.0427163	0.133945	0.331414	0.478626
17	0.116472	0.116472	0.11647	0.11644	0.116223	0.115183	0.111378	0.100099	0.0725902	0.0186728
18	0.113717	0.113717	0.113715	0.113693	0.113533	0.112767	0.109947	0.101435	0.0795169	0.02796
19	0.1183	0.1183	0.118297	0.118261	0.118002	0.116756	0.112217	0.098922	0.0676177	0.0133261
20	0.117957	0.117957	0.117955	0.11792	0.117669	0.116465	0.112075	0.0991823	0.0685987	0.0142204
21	0.116942	0.116942	0.11694	0.116908	0.11668	0.115586	0.111589	0.0997845	0.0712966	0.0173329
22	0.113049	0.113049	0.113048	0.113027	0.112879	0.112169	0.109553	0.101628	0.0810021	0.0305962
23	0.116406	0.116406	0.116404	0.116374	0.116158	0.115122	0.111334	0.100107	0.0727247	0.0189654
24	0.113851	0.113851	0.113849	0.113826	0.113663	0.112879	0.109997	0.101315	0.0790904	0.0276797
25	5.88114e-10	3.96545e-07	1.75532e-05	0.000250204	0.00191494	0.00990426	0.0389507	0.123327	0.314124	0.511511
26	0.116986	0.116986	0.116984	0.116952	0.116723	0.115623	0.111608	0.0997551	0.0711765	0.017207
27	0.113424	0.113424	0.113423	0.113401	0.113247	0.112507	0.109782	0.10154	0.0802011	0.0290495
28	0.114503	0.114503	0.114502	0.114477	0.114303	0.113465	0.110388	0.101141	0.0776637	0.0250533
29	0.11674	0.11674	0.116738	0.116707	0.116485	0.115422	0.111533	0.100013	0.0719742	0.0176498
30	0.120045	0.120045	0.120042	0.119999	0.11969	0.118208	0.112834	0.097322	0.0623458	0.00946829
31	0.117169	0.117169	0.117166	0.117134	0.116903	0.115791	0.111732	0.0997431	0.0708134	0.0163789
32	0.117193	0.117193	0.117191	0.117158	0.116926	0.115813	0.111746	0.0997348	0.0707564	0.0162885
33	0.117462	0.117462	0.117459	0.117426	0.117188	0.116044	0.111868	0.0995582	0.070019	0.0155146
34	0.118762	0.118762	0.118759	0.118721	0.118449	0.117144	0.112396	0.0985358	0.0662563	0.0122144
35	0.11463	0.11463	0.114628	0.114603	0.114425	0.113567	0.110422	0.100995	0.0772172	0.0248833
36	0.114384	0.114384	0.114383	0.114359	0.114187	0.113362	0.110333	0.10122	0.0779954	0.0253922
37	0.118464	0.118464	0.118461	0.118424	0.11816	0.116895	0.112284	0.0987945	0.0671459	0.0129083
38	0.11247	0.11247	0.112469	0.112449	0.112311	0.111645	0.10919	0.101736	0.0821905	0.0330704
39	0.113544	0.113544	0.113542	0.11352	0.113363	0.112606	0.109821	0.101419	0.0797959	0.0288437
40	0.11372	0.11372	0.113718	0.113696	0.113536	0.112768	0.109943	0.101417	0.0794833	0.0279992
41	0.118133	0.118133	0.11813	0.118095	0.117839	0.116615	0.112151	0.0990561	0.0681047	0.013744
42	0.118762	0.118762	0.118759	0.118721	0.118449	0.117144	0.112396	0.0985358	0.0662563	0.0122144
43	0.112611	0.112611	0.11261	0.11259	0.11245	0.111775	0.10929	0.101741	0.0819537	0.0323678
44	0.117491	0.117491	0.117488	0.117455	0.117216	0.116068	0.111878	0.0995296	0.0699261	0.0154566
45	0.118986	0.118986	0.118983	0.118944	0.118666	0.117331	0.112477	0.0983354	0.0655829	0.0117082
46	0.118359	0.118359	0.118356	0.11832	0.118059	0.116806	0.112242	0.0988761	0.0674476	0.013175
47	0.116403	0.116403	0.116401	0.116371	0.116155	0.115117	0.111323	0.100082	0.0726973	0.0190487
48	0.114693	0.114693	0.114691	0.114666	0.114488	0.113629	0.110478	0.101026	0.0771497	0.0244856
49	0.114059	0.114059	0.114057	0.114034	0.113868	0.113072	0.110143	0.10132	0.0787285	0.0266597
50	9.09775e-10	6.1343e-07	2.71534e-05	0.000387003	0.00295951	0.0152464	0.0590798	0.178464	0.394362	0.349474
51	0.116891	0.11689	0.116888	0.116857	0.116632	0.11555	0.111599	0.0999076	0.0715522	0.0172332
52	0.116041	0.116041	0.116039	0.11601	0.115803	0.114812	0.111183	0.100387	0.0737806	0.019905
53	0.11804	0.11804	0.118038	0.118003	0.11775	0.116536	0.11211	0.099121	0.0683631	0.013999
54	0.116181	0.116181	0.116179	0.11615	0.115939	0.114927	0.111226	0.100239	0.0733201	0.0196575
55	0.115604	0.115604	0.115602	0.115574	0.115377	0.114431	0.110965	0.100623	0.074914	0.0213067
56	0.116411	0.116411	0.116409	0.116378	0.116162	0.115124	0.111328	0.100082	0.0726823	0.0190127
57	0.113063	0.113063	0.113061	0.113041	0.112892	0.112175	0.10954	0.101564	0.0808739	0.0307273

*** RUNNING MODEL 8 (Beta & w) ***
######################################

>Done in 482 seconds 

-774.071968084248

------------------------------------------------

dN/dS = 0.0307809 (sample variance = 0.00439796)

Rate[1]=  0.00000000 (weight=0.1000000)
Rate[2]=  0.00000009 (weight=0.1000000)
Rate[3]=  0.00000337 (weight=0.1000000)
Rate[4]=  0.00004381 (weight=0.1000000)
Rate[5]=  0.00031251 (weight=0.1000000)
Rate[6]=  0.00153377 (weight=0.1000000)
Rate[7]=  0.00587352 (weight=0.1000000)
Rate[8]=  0.01913741 (weight=0.1000000)
Rate[9]=  0.05802800 (weight=0.1000000)
Rate[10]=  0.22287343 (weight=0.1000000)
Rate[11]=  3.36161828 (weight=0.0000001)

------------------------------------------------

 Sites with dN/dS>1 (Posterior cutoff = 0.5)



------------------------------------------------

 Sites with dN/dS<=1 (Posterior cutoff = 0.5)

1 (2.05527e-10)
2 (7.17064e-16)
3 (1.23814e-12)
4 (3.64344e-17)
5 (5.44547e-12)
6 (7.40125e-14)
7 (2.7176e-15)
8 (3.13028e-18)
9 (4.41899e-18)
10 (7.88149e-15)
11 (1.32855e-11)
12 (3.15097e-15)
13 (2.19718e-11)
14 (6.13088e-13)
15 (3.30305e-15)
16 (9.44714e-12)
17 (2.52042e-15)
18 (3.40835e-15)
19 (2.98706e-18)
20 (6.72604e-18)
21 (2.71548e-15)
22 (9.46617e-15)
23 (3.70524e-15)
24 (3.97516e-14)
25 (2.49694e-11)
26 (2.39602e-15)
27 (1.51659e-15)
28 (1.05435e-15)
29 (5.91244e-17)
30 (4.14488e-18)
31 (1.3558e-17)
32 (1.06968e-17)
33 (4.64447e-18)
34 (5.48175e-18)
35 (1.70909e-14)
36 (3.23798e-16)
37 (1.96469e-18)
38 (1.72562e-13)
39 (5.21815e-14)
40 (5.78772e-15)
41 (3.16257e-18)
42 (5.48175e-18)
43 (2.9517e-14)
44 (1.46502e-17)
45 (5.99987e-18)
46 (2.74082e-18)
47 (8.20161e-15)
48 (3.57691e-15)
49 (3.45326e-15)
50 (7.24628e-15)
51 (1.04794e-16)
52 (8.36807e-16)
53 (5.25719e-18)
54 (4.76924e-15)
55 (9.53108e-16)
56 (8.51406e-15)
57 (7.59569e-14)


------------------------------------------------

Tabulated Posteriors for Each Site
Sites in Columns, Rate Classes in Rows
Import the following part into a data processing program
for further analysis


Rate/Site	Rate=1.58669e-10	Rate=8.64395e-08	Rate=3.36935e-06	Rate=4.38145e-05	Rate=0.000312509	Rate=0.00153377	Rate=0.00587352	Rate=0.0191374	Rate=0.058028	Rate=0.222873	Rate=3.36162
1	1.73876e-27	2.81127e-19	1.66492e-14	3.65996e-11	1.32538e-08	1.55267e-06	8.44196e-05	0.00264557	0.0552826	0.941986	2.05527e-10
2	1.95843e-09	1.06691e-06	4.15862e-05	0.000540562	0.00384527	0.018644	0.0683749	0.19524	0.402719	0.310594	7.17064e-16
3	0.110566	0.110566	0.110564	0.110544	0.110414	0.109825	0.107756	0.101678	0.0858185	0.0422687	1.23814e-12
4	0.117396	0.117396	0.117392	0.11735	0.117071	0.115809	0.111437	0.0990846	0.0702994	0.0167652	3.64344e-17
5	1.38586e-09	7.54988e-07	2.94282e-05	0.000382575	0.00272376	0.0132576	0.0492965	0.146822	0.342635	0.444852	5.44547e-12
6	0.11349	0.11349	0.113487	0.113459	0.113273	0.11243	0.109489	0.100983	0.0797847	0.0301142	7.40125e-14
7	0.113847	0.113847	0.113844	0.113816	0.113623	0.112755	0.109722	0.100955	0.0791304	0.0284614	2.7176e-15
8	0.118601	0.118601	0.118597	0.11855	0.118235	0.116815	0.111907	0.098165	0.0669567	0.0135711	3.13028e-18
9	0.120332	0.120332	0.120328	0.120271	0.119899	0.11822	0.112446	0.0965189	0.0618428	0.00980956	4.41899e-18
10	0.115752	0.115752	0.115749	0.115713	0.115475	0.114399	0.110661	0.0999985	0.0744495	0.0220521	7.88149e-15
11	2.22269e-27	3.59371e-19	2.1283e-14	4.67838e-11	1.69365e-08	1.98132e-06	0.000107189	0.00330823	0.0660987	0.930484	1.32855e-11
12	0.116578	0.116578	0.116575	0.116536	0.116277	0.115106	0.111044	0.099523	0.0723468	0.0194367	3.15097e-15
13	1.74944e-18	5.19208e-13	7.8886e-10	1.33361e-07	6.7725e-06	0.000161831	0.00230654	0.0224464	0.160044	0.815034	2.19718e-11
14	0.110218	0.110218	0.110216	0.110198	0.110074	0.109513	0.107542	0.101742	0.0865083	0.0437706	6.13088e-13
15	0.114159	0.114159	0.114156	0.114126	0.113927	0.113028	0.10989	0.100837	0.0784176	0.0273	3.30305e-15
16	1.28668e-09	7.00955e-07	2.73222e-05	0.000355204	0.00252932	0.0123206	0.0459364	0.137946	0.329691	0.471193	9.44714e-12
17	0.116705	0.116705	0.116702	0.116662	0.1164	0.115216	0.111108	0.0994606	0.0720356	0.0190055	2.52042e-15
18	0.113878	0.113878	0.113876	0.113847	0.113654	0.112782	0.109737	0.10094	0.0790536	0.0283538	3.40835e-15
19	0.118577	0.118577	0.118573	0.118526	0.118212	0.116795	0.111898	0.0981853	0.0670256	0.0136299	2.98706e-18
20	0.118225	0.118225	0.118221	0.118175	0.117872	0.116502	0.111765	0.0984655	0.0680152	0.0145333	6.72604e-18
21	0.117188	0.117188	0.117184	0.117143	0.116867	0.115622	0.111306	0.0991195	0.0707292	0.0176545	2.71548e-15
22	0.113198	0.113198	0.113196	0.113169	0.11299	0.112182	0.109357	0.101163	0.0805577	0.0309914	9.46617e-15
23	0.116637	0.116637	0.116634	0.116595	0.116334	0.115155	0.111065	0.0994713	0.072173	0.0192989	3.70524e-15
24	0.114018	0.114018	0.114016	0.113986	0.113789	0.112897	0.109784	0.10081	0.0786199	0.0280611	3.97516e-14
25	1.1702e-09	6.37502e-07	2.48489e-05	0.000323061	0.0023009	0.0112184	0.0419652	0.127294	0.313226	0.503648	2.49694e-11
26	0.11723	0.11723	0.117226	0.117184	0.116907	0.115657	0.111324	0.0990896	0.070616	0.0175366	2.39602e-15
27	0.113577	0.113577	0.113575	0.113547	0.113361	0.112519	0.109577	0.101059	0.0797522	0.0294564	1.51659e-15
28	0.114685	0.114685	0.114683	0.114651	0.11444	0.113487	0.110163	0.100607	0.0771703	0.0254281	1.05435e-15
29	0.116975	0.116975	0.116972	0.116931	0.116663	0.115453	0.111256	0.099364	0.0714204	0.0179902	5.91244e-17
30	0.120379	0.120379	0.120375	0.120318	0.119944	0.118258	0.11246	0.096472	0.0617023	0.00971265	4.14488e-18
31	0.117414	0.117414	0.11741	0.117368	0.117088	0.115824	0.111444	0.0990718	0.070252	0.0167137	1.3558e-17
32	0.11744	0.11744	0.117437	0.117395	0.117114	0.115848	0.111458	0.099061	0.070189	0.0166175	1.06968e-17
33	0.117716	0.117716	0.117713	0.117669	0.117381	0.11608	0.111574	0.0988693	0.069444	0.0158368	4.64447e-18
34	0.119058	0.119058	0.119054	0.119004	0.118675	0.11719	0.112064	0.0977668	0.0656388	0.0124932	5.48175e-18
35	0.114816	0.114816	0.114813	0.114781	0.114565	0.11359	0.110194	0.100452	0.0767214	0.0252517	1.70909e-14
36	0.11456	0.11456	0.114557	0.114526	0.114318	0.11338	0.11011	0.100693	0.0775133	0.0257825	3.23798e-16
37	0.118746	0.118746	0.118742	0.118694	0.118375	0.116935	0.11196	0.0980477	0.0665483	0.0132064	1.96469e-18
38	0.112607	0.112607	0.112605	0.11258	0.112413	0.111655	0.109004	0.101296	0.0817655	0.0334674	1.72562e-13
39	0.113702	0.113702	0.1137	0.113671	0.113481	0.112619	0.109613	0.10093	0.079342	0.0292402	5.21815e-14
40	0.113882	0.113882	0.11388	0.113851	0.113658	0.112784	0.109733	0.100921	0.0790192	0.0283904	5.78772e-15
41	0.118405	0.118405	0.118402	0.118355	0.118046	0.116653	0.111836	0.0983291	0.0675159	0.0140517	3.16257e-18
42	0.119058	0.119058	0.119054	0.119004	0.118675	0.11719	0.112064	0.0977668	0.0656388	0.0124932	5.48175e-18
43	0.112751	0.112751	0.112749	0.112724	0.112554	0.111787	0.109102	0.101295	0.0815221	0.0327636	2.9517e-14
44	0.117747	0.117747	0.117743	0.1177	0.117411	0.116105	0.111583	0.0988386	0.0693496	0.0157768	1.46502e-17
45	0.119288	0.119288	0.119284	0.119233	0.118897	0.117378	0.112138	0.0975524	0.0649599	0.0119805	5.99987e-18
46	0.118638	0.118638	0.118634	0.118587	0.118271	0.116846	0.111921	0.0981356	0.0668529	0.0134761	2.74082e-18
47	0.116631	0.116631	0.116628	0.116589	0.116327	0.115147	0.111051	0.0994478	0.0721557	0.0193926	8.20161e-15
48	0.114877	0.114877	0.114874	0.114841	0.114625	0.113649	0.110247	0.100483	0.0766591	0.0248678	3.57691e-15
49	0.11423	0.11423	0.114228	0.114198	0.113997	0.113091	0.109928	0.100807	0.0782494	0.0270416	3.45326e-15
50	1.79801e-09	9.79518e-07	3.81798e-05	0.000496301	0.00353126	0.01714	0.0631005	0.182295	0.388972	0.344427	7.24628e-15
51	0.117135	0.117135	0.117131	0.11709	0.116818	0.115587	0.11132	0.0992469	0.070981	0.017555	1.04794e-16
52	0.116258	0.116258	0.116255	0.116217	0.115967	0.11484	0.110922	0.0997749	0.0732479	0.0202603	8.36807e-16
53	0.11831	0.11831	0.118307	0.11826	0.117954	0.116574	0.111798	0.0983995	0.0677772	0.0143095	5.25719e-18
54	0.116402	0.116402	0.116399	0.116361	0.116106	0.114955	0.110961	0.0996183	0.0727862	0.0200092	4.76924e-15
55	0.11581	0.115809	0.115807	0.115771	0.115532	0.114456	0.110714	0.100034	0.0743945	0.0216717	9.53108e-16
56	0.11664	0.116639	0.116636	0.116597	0.116335	0.115154	0.111057	0.0994472	0.0721391	0.019355	8.51406e-15
57	0.113213	0.113213	0.11321	0.113183	0.113003	0.112188	0.109342	0.101097	0.0804307	0.0311199	7.59569e-14
