Rate/Site	Rate=0.00123574	Rate=0.0090073	Rate=0.0252714	Rate=0.0509046	Rate=0.0872424	Rate=0.136422	Rate=0.202058	Rate=0.290922	Rate=0.418578	Rate=0.653574
1	0.00686355	0.0461659	0.109519	0.169522	0.200441	0.190437	0.146146	0.0875916	0.0368049	0.00651016
2	0.00634206	0.0428744	0.102784	0.161711	0.195573	0.191388	0.152501	0.0958252	0.0427626	0.00823965
3	0.283131	0.251623	0.196724	0.133756	0.0777595	0.0376388	0.0145137	0.00410985	0.000710938	3.36152e-05
4	3.65093e-05	0.00182621	0.0126734	0.0421818	0.0936718	0.157205	0.209499	0.222766	0.179412	0.0807289
5	0.0112637	0.0730226	0.160444	0.220322	0.220352	0.167658	0.0964371	0.0397087	0.0100296	0.000762005
6	0.0101827	0.0665862	0.148943	0.210291	0.218592	0.174978	0.107436	0.0481254	0.0136159	0.00124925
7	1.17001e-05	0.000601984	0.00443152	0.0161858	0.0409946	0.082163	0.138628	0.202446	0.255854	0.258683
8	2.66758e-05	0.00134446	0.00948047	0.032373	0.0746119	0.13189	0.188906	0.222572	0.209681	0.129114
9	0.00860886	0.0570373	0.131109	0.193138	0.212983	0.184301	0.125088	0.0637347	0.0214058	0.002594
10	5.98475e-05	0.00294471	0.0197454	0.0622754	0.128208	0.194423	0.226744	0.201943	0.126878	0.0367786
11	0.229759	0.213654	0.183574	0.144665	0.103416	0.0659083	0.0363749	0.0164738	0.00541733	0.00075759
12	0.283748	0.252017	0.196784	0.133539	0.0774318	0.0373573	0.0143482	0.00404448	0.000696151	3.27721e-05
13	0.0114693	0.074241	0.162595	0.222146	0.220592	0.166231	0.0944045	0.0382137	0.00942198	0.000685692
14	0.00439111	0.0302552	0.0754721	0.126399	0.166979	0.184052	0.171736	0.133414	0.0805046	0.026796
15	0.284174	0.252289	0.196826	0.13339	0.0772063	0.0371633	0.014234	0.00399912	0.000685772	3.21583e-05
16	0.284483	0.252489	0.19686	0.133285	0.0770426	0.0370196	0.0141473	0.00396354	0.000677224	3.15999e-05
17	2.78035e-07	0.000100151	0.00190139	0.0122541	0.0441245	0.107549	0.192706	0.259642	0.251938	0.129785
18	3.27463e-15	4.6229e-10	1.98765e-07	1.08953e-05	0.000209087	0.00210737	0.0136483	0.0636474	0.229356	0.691021
19	0.00560142	0.0380229	0.0919958	0.147103	0.182681	0.186483	0.158933	0.111415	0.0600807	0.0176847
20	7.76733e-15	1.08452e-09	4.55623e-07	2.4073e-05	0.00043825	0.00410837	0.0241079	0.098017	0.288055	0.585248
21	2.56943e-07	9.27033e-05	0.00176602	0.0114439	0.0415335	0.102353	0.186221	0.25647	0.25753	0.142589
22	0.225937	0.210679	0.182068	0.144799	0.104875	0.0680407	0.0384624	0.0179956	0.00619986	0.000942571
23	0.00521611	0.0356486	0.0874234	0.142525	0.181206	0.189593	0.164953	0.116481	0.0612065	0.0157465
24	0.0115842	0.0749094	0.163723	0.222996	0.220534	0.165367	0.0933908	0.0375906	0.00922966	0.000674865
25	0.288784	0.255239	0.197288	0.13179	0.0747694	0.0350581	0.0129848	0.00349582	0.000567008	2.44273e-05
26	3.91354e-19	2.8028e-12	8.61347e-09	1.64634e-06	7.49485e-05	0.00138642	0.0134885	0.0787343	0.289686	0.616629
27	2.65067e-07	9.5623e-05	0.00182105	0.0117922	0.0427367	0.10503	0.190112	0.259287	0.255261	0.133865
28	0.0114018	0.0738439	0.161907	0.221589	0.220562	0.166718	0.0950421	0.0386506	0.00958302	0.00070215
29	0.283554	0.251894	0.196767	0.133609	0.0775352	0.0374451	0.0143991	0.00406415	0.000700431	3.29917e-05
30	0.222008	0.207584	0.180429	0.144811	0.106264	0.070191	0.0406631	0.0196913	0.00714881	0.00121102
31	0.00483191	0.0331451	0.0819162	0.135194	0.174914	0.187421	0.168385	0.124265	0.0696574	0.0202719
32	0.01126	0.0730066	0.16044	0.220368	0.22044	0.16772	0.0964188	0.0396331	0.00996605	0.000746279
33	0.287302	0.254283	0.197124	0.13229	0.0755497	0.0357443	0.0134011	0.00366868	0.000609681	2.74426e-05
34	5.04437e-05	0.00249688	0.0169528	0.0545249	0.115393	0.181591	0.222388	0.211399	0.14556	0.0496434
35	0.283131	0.251623	0.196724	0.133756	0.0777595	0.0376388	0.0145137	0.00410985	0.000710938	3.36152e-05
36	0.284174	0.252289	0.196826	0.13339	0.0772063	0.0371633	0.014234	0.00399912	0.000685772	3.21583e-05
37	0.218444	0.204847	0.179113	0.145056	0.107726	0.0722135	0.0425538	0.0209869	0.00774654	0.00131257
38	0.0063687	0.04304	0.10311	0.162058	0.195733	0.191246	0.152136	0.0954629	0.0425921	0.0082533
39	0.00729992	0.0489125	0.115106	0.175932	0.204339	0.18953	0.140891	0.0809117	0.0320016	0.00507654
40	3.56758e-08	1.33896e-05	0.000276991	0.00204316	0.00890286	0.0280561	0.0706731	0.150394	0.278976	0.460664
41	1.3686e-05	0.000701668	0.00512725	0.0185108	0.0461242	0.0904487	0.148308	0.208586	0.250328	0.231851
42	0.298441	0.261266	0.197973	0.128211	0.0696617	0.0308493	0.0106143	0.00259883	0.000371461	1.30622e-05
43	1.99172e-07	7.23803e-05	0.00139965	0.00928258	0.0347858	0.0893719	0.171359	0.251814	0.273871	0.168044
44	0.284725	0.252633	0.196864	0.133183	0.0769113	0.036922	0.0141009	0.00395137	0.000676675	3.18416e-05
45	0.245547	0.225248	0.188232	0.142249	0.0961941	0.0572538	0.0291685	0.0120698	0.00359227	0.00044636
46	2.08347e-07	7.55862e-05	0.00145653	0.00960812	0.0357453	0.0910068	0.172654	0.250903	0.270573	0.167977
47	0.289185	0.255482	0.197302	0.131629	0.0745548	0.0348921	0.0128996	0.00346837	0.000562773	2.43921e-05
48	0.285334	0.253023	0.196925	0.132972	0.0765892	0.0366437	0.013936	0.00388504	0.000661113	3.08514e-05
49	5.46475e-17	1.68194e-11	1.53719e-08	1.53712e-06	4.79864e-05	0.000726783	0.0066825	0.0423544	0.199649	0.750538
50	0.0118867	0.0766901	0.16682	0.225531	0.220725	0.163223	0.0905193	0.0355732	0.0084493	0.000582389
51	7.34266e-10	1.9412e-06	0.000104903	0.00139316	0.00887909	0.0353499	0.0994261	0.208608	0.325692	0.320545
52	3.95963e-05	0.00197496	0.0136248	0.0449374	0.0985524	0.162747	0.212534	0.220348	0.171777	0.0734637
53	9.43907e-07	0.000327351	0.00574347	0.0327331	0.0992987	0.192978	0.258163	0.238616	0.140004	0.0321348
54	3.71918e-05	0.00185982	0.0128985	0.0428849	0.0950692	0.159119	0.211137	0.222893	0.177131	0.0769706
55	0.284919	0.252773	0.196915	0.133144	0.076814	0.0368135	0.0140189	0.00390854	0.000663075	3.052e-05
56	0.284663	0.252611	0.196892	0.133235	0.0769499	0.036929	0.0140861	0.00393468	0.000668859	3.08343e-05
57	4.19891e-05	0.00208977	0.0143523	0.0470084	0.102111	0.166546	0.214161	0.21793	0.166238	0.0695212
58	7.27671e-10	1.92556e-06	0.000104251	0.00138821	0.00887659	0.0354644	0.100058	0.21025	0.327346	0.316511
59	0.283506	0.251863	0.196762	0.133626	0.0775608	0.0374668	0.0144116	0.00406898	0.000701487	3.30472e-05
60	0.23796	0.219924	0.186544	0.14405	0.100049	0.0613175	0.0321168	0.0135487	0.00402253	0.000466028
61	0.0126904	0.0814081	0.174968	0.232084	0.221044	0.157481	0.0830274	0.0304188	0.0065111	0.00036784
62	0.00606512	0.0410887	0.0989463	0.156817	0.191731	0.190605	0.155392	0.101079	0.047776	0.0104996
63	1.25192e-05	0.00064356	0.00472843	0.0172144	0.0433827	0.0863047	0.144015	0.206803	0.254305	0.242592
64	0.284254	0.252345	0.196842	0.13337	0.0771649	0.0371212	0.0142045	0.00398467	0.000681427	3.17472e-05
65	0.00439876	0.0303105	0.0756213	0.126668	0.167343	0.184406	0.171907	0.133236	0.0799514	0.0261584
66	0.284664	0.252594	0.196858	0.133204	0.0769436	0.0369499	0.0141176	0.00395806	0.000678234	3.19367e-05
67	5.2301e-05	0.00258381	0.0174741	0.0558713	0.117334	0.182955	0.221828	0.208918	0.143202	0.0497814
68	0.00667703	0.0449896	0.107116	0.16674	0.19871	0.19077	0.148388	0.0905055	0.0389399	0.0071641
69	0.0114765	0.0742666	0.16257	0.22198	0.220339	0.166088	0.0944994	0.0384525	0.00960246	0.000725635
70	1.0437e-05	0.000538391	0.00398473	0.0146761	0.0376057	0.0765383	0.131738	0.19747	0.258734	0.278704
71	0.294904	0.259069	0.197741	0.129535	0.07153	0.032376	0.0114671	0.0029189	0.000440766	1.70873e-05
72	5.14462e-16	7.46521e-11	3.39895e-08	2.0378e-06	4.43411e-05	0.000528312	0.00425681	0.0264389	0.141139	0.827591
73	2.25854e-15	3.21447e-10	1.40544e-07	7.90438e-06	0.000157082	0.00165519	0.0113175	0.056275	0.218263	0.712324
74	0.285971	0.253445	0.197017	0.132775	0.0762567	0.0363353	0.0137377	0.00379675	0.000637299	2.89378e-05
75	0.187312	0.179133	0.163222	0.141126	0.115099	0.0877165	0.0614802	0.0384651	0.0200485	0.00639744
76	0.283131	0.251623	0.196724	0.133756	0.0777595	0.0376388	0.0145137	0.00410985	0.000710938	3.36152e-05
77	0.010469	0.0682909	0.151988	0.212939	0.219035	0.173008	0.104511	0.0459204	0.0127038	0.00113478
78	1.08416e-09	2.84539e-06	0.000151433	0.00196318	0.0120909	0.0459554	0.121499	0.234494	0.325088	0.258755
79	0.00498695	0.0341364	0.0840042	0.137748	0.176714	0.187423	0.166467	0.121423	0.067424	0.0196731
80	4.09843e-08	1.53593e-05	0.000316738	0.00232425	0.0100489	0.0313079	0.077555	0.160906	0.286287	0.431239
81	0.00935715	0.0615408	0.139358	0.200731	0.214916	0.179437	0.116941	0.0570871	0.0184343	0.00219846
82	0.0114551	0.0741566	0.162446	0.222019	0.220575	0.166329	0.0945446	0.0383177	0.00946513	0.00069145
