
*** RUNNING MODEL 7 (Beta) ***
######################################

>Done in 284 seconds 

-2042.48798138599

------------------------------------------------

dN/dS = 0.187522 (sample variance = 0.0405721)

Rate[1]=  0.00123574 (weight=0.1000000)
Rate[2]=  0.00900730 (weight=0.1000000)
Rate[3]=  0.02527140 (weight=0.1000000)
Rate[4]=  0.05090460 (weight=0.1000000)
Rate[5]=  0.08724241 (weight=0.1000000)
Rate[6]=  0.13642233 (weight=0.1000000)
Rate[7]=  0.20205812 (weight=0.1000000)
Rate[8]=  0.29092162 (weight=0.1000000)
Rate[9]=  0.41857790 (weight=0.1000000)
Rate[10]=  0.65357371 (weight=0.1000000)

------------------------------------------------

 No rate classes with dN/dS>1.

------------------------------------------------

Tabulated Posteriors for Each Site
Sites in Columns, Rate Classes in Rows
Import the following part into a data processing program
for further analysis


Rate/Site	Rate=0.00123574	Rate=0.0090073	Rate=0.0252714	Rate=0.0509046	Rate=0.0872424	Rate=0.136422	Rate=0.202058	Rate=0.290922	Rate=0.418578	Rate=0.653574
1	0.00686355	0.0461659	0.109519	0.169522	0.200441	0.190437	0.146146	0.0875916	0.0368049	0.00651016
2	0.00634206	0.0428744	0.102784	0.161711	0.195573	0.191388	0.152501	0.0958252	0.0427626	0.00823965
3	0.283131	0.251623	0.196724	0.133756	0.0777595	0.0376388	0.0145137	0.00410985	0.000710938	3.36152e-05
4	3.65093e-05	0.00182621	0.0126734	0.0421818	0.0936718	0.157205	0.209499	0.222766	0.179412	0.0807289
5	0.0112637	0.0730226	0.160444	0.220322	0.220352	0.167658	0.0964371	0.0397087	0.0100296	0.000762005
6	0.0101827	0.0665862	0.148943	0.210291	0.218592	0.174978	0.107436	0.0481254	0.0136159	0.00124925
7	1.17001e-05	0.000601984	0.00443152	0.0161858	0.0409946	0.082163	0.138628	0.202446	0.255854	0.258683
8	2.66758e-05	0.00134446	0.00948047	0.032373	0.0746119	0.13189	0.188906	0.222572	0.209681	0.129114
9	0.00860886	0.0570373	0.131109	0.193138	0.212983	0.184301	0.125088	0.0637347	0.0214058	0.002594
10	5.98475e-05	0.00294471	0.0197454	0.0622754	0.128208	0.194423	0.226744	0.201943	0.126878	0.0367786
11	0.229759	0.213654	0.183574	0.144665	0.103416	0.0659083	0.0363749	0.0164738	0.00541733	0.00075759
12	0.283748	0.252017	0.196784	0.133539	0.0774318	0.0373573	0.0143482	0.00404448	0.000696151	3.27721e-05
13	0.0114693	0.074241	0.162595	0.222146	0.220592	0.166231	0.0944045	0.0382137	0.00942198	0.000685692
14	0.00439111	0.0302552	0.0754721	0.126399	0.166979	0.184052	0.171736	0.133414	0.0805046	0.026796
15	0.284174	0.252289	0.196826	0.13339	0.0772063	0.0371633	0.014234	0.00399912	0.000685772	3.21583e-05
16	0.284483	0.252489	0.19686	0.133285	0.0770426	0.0370196	0.0141473	0.00396354	0.000677224	3.15999e-05
17	2.78035e-07	0.000100151	0.00190139	0.0122541	0.0441245	0.107549	0.192706	0.259642	0.251938	0.129785
18	3.27463e-15	4.6229e-10	1.98765e-07	1.08953e-05	0.000209087	0.00210737	0.0136483	0.0636474	0.229356	0.691021
19	0.00560142	0.0380229	0.0919958	0.147103	0.182681	0.186483	0.158933	0.111415	0.0600807	0.0176847
20	7.76733e-15	1.08452e-09	4.55623e-07	2.4073e-05	0.00043825	0.00410837	0.0241079	0.098017	0.288055	0.585248
21	2.56943e-07	9.27033e-05	0.00176602	0.0114439	0.0415335	0.102353	0.186221	0.25647	0.25753	0.142589
22	0.225937	0.210679	0.182068	0.144799	0.104875	0.0680407	0.0384624	0.0179956	0.00619986	0.000942571
23	0.00521611	0.0356486	0.0874234	0.142525	0.181206	0.189593	0.164953	0.116481	0.0612065	0.0157465
24	0.0115842	0.0749094	0.163723	0.222996	0.220534	0.165367	0.0933908	0.0375906	0.00922966	0.000674865
25	0.288784	0.255239	0.197288	0.13179	0.0747694	0.0350581	0.0129848	0.00349582	0.000567008	2.44273e-05
26	3.91354e-19	2.8028e-12	8.61347e-09	1.64634e-06	7.49485e-05	0.00138642	0.0134885	0.0787343	0.289686	0.616629
27	2.65067e-07	9.5623e-05	0.00182105	0.0117922	0.0427367	0.10503	0.190112	0.259287	0.255261	0.133865
28	0.0114018	0.0738439	0.161907	0.221589	0.220562	0.166718	0.0950421	0.0386506	0.00958302	0.00070215
29	0.283554	0.251894	0.196767	0.133609	0.0775352	0.0374451	0.0143991	0.00406415	0.000700431	3.29917e-05
30	0.222008	0.207584	0.180429	0.144811	0.106264	0.070191	0.0406631	0.0196913	0.00714881	0.00121102
31	0.00483191	0.0331451	0.0819162	0.135194	0.174914	0.187421	0.168385	0.124265	0.0696574	0.0202719
32	0.01126	0.0730066	0.16044	0.220368	0.22044	0.16772	0.0964188	0.0396331	0.00996605	0.000746279
33	0.287302	0.254283	0.197124	0.13229	0.0755497	0.0357443	0.0134011	0.00366868	0.000609681	2.74426e-05
34	5.04437e-05	0.00249688	0.0169528	0.0545249	0.115393	0.181591	0.222388	0.211399	0.14556	0.0496434
35	0.283131	0.251623	0.196724	0.133756	0.0777595	0.0376388	0.0145137	0.00410985	0.000710938	3.36152e-05
36	0.284174	0.252289	0.196826	0.13339	0.0772063	0.0371633	0.014234	0.00399912	0.000685772	3.21583e-05
37	0.218444	0.204847	0.179113	0.145056	0.107726	0.0722135	0.0425538	0.0209869	0.00774654	0.00131257
38	0.0063687	0.04304	0.10311	0.162058	0.195733	0.191246	0.152136	0.0954629	0.0425921	0.0082533
39	0.00729992	0.0489125	0.115106	0.175932	0.204339	0.18953	0.140891	0.0809117	0.0320016	0.00507654
40	3.56758e-08	1.33896e-05	0.000276991	0.00204316	0.00890286	0.0280561	0.0706731	0.150394	0.278976	0.460664
41	1.3686e-05	0.000701668	0.00512725	0.0185108	0.0461242	0.0904487	0.148308	0.208586	0.250328	0.231851
42	0.298441	0.261266	0.197973	0.128211	0.0696617	0.0308493	0.0106143	0.00259883	0.000371461	1.30622e-05
43	1.99172e-07	7.23803e-05	0.00139965	0.00928258	0.0347858	0.0893719	0.171359	0.251814	0.273871	0.168044
44	0.284725	0.252633	0.196864	0.133183	0.0769113	0.036922	0.0141009	0.00395137	0.000676675	3.18416e-05
45	0.245547	0.225248	0.188232	0.142249	0.0961941	0.0572538	0.0291685	0.0120698	0.00359227	0.00044636
46	2.08347e-07	7.55862e-05	0.00145653	0.00960812	0.0357453	0.0910068	0.172654	0.250903	0.270573	0.167977
47	0.289185	0.255482	0.197302	0.131629	0.0745548	0.0348921	0.0128996	0.00346837	0.000562773	2.43921e-05
48	0.285334	0.253023	0.196925	0.132972	0.0765892	0.0366437	0.013936	0.00388504	0.000661113	3.08514e-05
49	5.46475e-17	1.68194e-11	1.53719e-08	1.53712e-06	4.79864e-05	0.000726783	0.0066825	0.0423544	0.199649	0.750538
50	0.0118867	0.0766901	0.16682	0.225531	0.220725	0.163223	0.0905193	0.0355732	0.0084493	0.000582389
51	7.34266e-10	1.9412e-06	0.000104903	0.00139316	0.00887909	0.0353499	0.0994261	0.208608	0.325692	0.320545
52	3.95963e-05	0.00197496	0.0136248	0.0449374	0.0985524	0.162747	0.212534	0.220348	0.171777	0.0734637
53	9.43907e-07	0.000327351	0.00574347	0.0327331	0.0992987	0.192978	0.258163	0.238616	0.140004	0.0321348
54	3.71918e-05	0.00185982	0.0128985	0.0428849	0.0950692	0.159119	0.211137	0.222893	0.177131	0.0769706
55	0.284919	0.252773	0.196915	0.133144	0.076814	0.0368135	0.0140189	0.00390854	0.000663075	3.052e-05
56	0.284663	0.252611	0.196892	0.133235	0.0769499	0.036929	0.0140861	0.00393468	0.000668859	3.08343e-05
57	4.19891e-05	0.00208977	0.0143523	0.0470084	0.102111	0.166546	0.214161	0.21793	0.166238	0.0695212
58	7.27671e-10	1.92556e-06	0.000104251	0.00138821	0.00887659	0.0354644	0.100058	0.21025	0.327346	0.316511
59	0.283506	0.251863	0.196762	0.133626	0.0775608	0.0374668	0.0144116	0.00406898	0.000701487	3.30472e-05
60	0.23796	0.219924	0.186544	0.14405	0.100049	0.0613175	0.0321168	0.0135487	0.00402253	0.000466028
61	0.0126904	0.0814081	0.174968	0.232084	0.221044	0.157481	0.0830274	0.0304188	0.0065111	0.00036784
62	0.00606512	0.0410887	0.0989463	0.156817	0.191731	0.190605	0.155392	0.101079	0.047776	0.0104996
63	1.25192e-05	0.00064356	0.00472843	0.0172144	0.0433827	0.0863047	0.144015	0.206803	0.254305	0.242592
64	0.284254	0.252345	0.196842	0.13337	0.0771649	0.0371212	0.0142045	0.00398467	0.000681427	3.17472e-05
65	0.00439876	0.0303105	0.0756213	0.126668	0.167343	0.184406	0.171907	0.133236	0.0799514	0.0261584
66	0.284664	0.252594	0.196858	0.133204	0.0769436	0.0369499	0.0141176	0.00395806	0.000678234	3.19367e-05
67	5.2301e-05	0.00258381	0.0174741	0.0558713	0.117334	0.182955	0.221828	0.208918	0.143202	0.0497814
68	0.00667703	0.0449896	0.107116	0.16674	0.19871	0.19077	0.148388	0.0905055	0.0389399	0.0071641
69	0.0114765	0.0742666	0.16257	0.22198	0.220339	0.166088	0.0944994	0.0384525	0.00960246	0.000725635
70	1.0437e-05	0.000538391	0.00398473	0.0146761	0.0376057	0.0765383	0.131738	0.19747	0.258734	0.278704
71	0.294904	0.259069	0.197741	0.129535	0.07153	0.032376	0.0114671	0.0029189	0.000440766	1.70873e-05
72	5.14462e-16	7.46521e-11	3.39895e-08	2.0378e-06	4.43411e-05	0.000528312	0.00425681	0.0264389	0.141139	0.827591
73	2.25854e-15	3.21447e-10	1.40544e-07	7.90438e-06	0.000157082	0.00165519	0.0113175	0.056275	0.218263	0.712324
74	0.285971	0.253445	0.197017	0.132775	0.0762567	0.0363353	0.0137377	0.00379675	0.000637299	2.89378e-05
75	0.187312	0.179133	0.163222	0.141126	0.115099	0.0877165	0.0614802	0.0384651	0.0200485	0.00639744
76	0.283131	0.251623	0.196724	0.133756	0.0777595	0.0376388	0.0145137	0.00410985	0.000710938	3.36152e-05
77	0.010469	0.0682909	0.151988	0.212939	0.219035	0.173008	0.104511	0.0459204	0.0127038	0.00113478
78	1.08416e-09	2.84539e-06	0.000151433	0.00196318	0.0120909	0.0459554	0.121499	0.234494	0.325088	0.258755
79	0.00498695	0.0341364	0.0840042	0.137748	0.176714	0.187423	0.166467	0.121423	0.067424	0.0196731
80	4.09843e-08	1.53593e-05	0.000316738	0.00232425	0.0100489	0.0313079	0.077555	0.160906	0.286287	0.431239
81	0.00935715	0.0615408	0.139358	0.200731	0.214916	0.179437	0.116941	0.0570871	0.0184343	0.00219846
82	0.0114551	0.0741566	0.162446	0.222019	0.220575	0.166329	0.0945446	0.0383177	0.00946513	0.00069145

*** RUNNING MODEL 8 (Beta & w) ***
######################################

>Done in 569 seconds 

-2042.16106106057

------------------------------------------------

dN/dS = 0.173348 (sample variance = 0.0507638)

Rate[1]=  0.00451617 (weight=0.0984883)
Rate[2]=  0.01765242 (weight=0.0984883)
Rate[3]=  0.03482956 (weight=0.0984883)
Rate[4]=  0.05576368 (weight=0.0984883)
Rate[5]=  0.08097678 (weight=0.0984883)
Rate[6]=  0.11161206 (weight=0.0984883)
Rate[7]=  0.14981096 (weight=0.0984883)
Rate[8]=  0.19991203 (weight=0.0984883)
Rate[9]=  0.27294558 (weight=0.0984883)
Rate[10]=  0.63218567 (weight=0.0984883)
Rate[11]=  1.30225223 (weight=0.0151173)

------------------------------------------------

 Sites with dN/dS>1 (Posterior cutoff = 0.5)

72 (0.508169)


------------------------------------------------

 Sites with dN/dS<=1 (Posterior cutoff = 0.5)

1 (6.72009e-06)
2 (9.19252e-06)
3 (3.43303e-09)
4 (0.000636731)
5 (1.27698e-07)
6 (3.17715e-07)
7 (0.0194986)
8 (0.00290913)
9 (1.23205e-06)
10 (8.6736e-05)
11 (8.07097e-07)
12 (3.40993e-09)
13 (1.03265e-07)
14 (0.000134254)
15 (3.37933e-09)
16 (3.32902e-09)
17 (0.00111413)
18 (0.16984)
19 (8.55556e-05)
20 (0.0544167)
21 (0.00160231)
22 (1.22367e-06)
23 (3.70057e-05)
24 (1.11972e-07)
25 (2.31364e-09)
26 (0.0392394)
27 (0.00115673)
28 (1.04939e-07)
29 (3.40304e-09)
30 (2.36946e-06)
31 (7.00253e-05)
32 (1.1498e-07)
33 (2.81969e-09)
34 (0.000182824)
35 (3.43303e-09)
36 (3.37933e-09)
37 (2.05213e-06)
38 (9.82305e-06)
39 (3.91373e-06)
40 (0.0871767)
41 (0.0142177)
42 (8.41866e-10)
43 (0.00191104)
44 (3.41518e-09)
45 (4.25563e-07)
46 (0.00240175)
47 (2.3613e-09)
48 (3.31469e-09)
49 (0.146411)
50 (8.05773e-08)
51 (0.0111878)
52 (0.000517747)
53 (4.81476e-05)
54 (0.000506429)
55 (3.08443e-09)
56 (3.08544e-09)
57 (0.000521199)
58 (0.00995009)
59 (3.40209e-09)
60 (3.00265e-07)
61 (3.04224e-08)
62 (2.02338e-05)
63 (0.0150012)
64 (3.25787e-09)
65 (0.000119275)
66 (3.41967e-09)
67 (0.000227793)
68 (8.09525e-06)
69 (1.27532e-07)
70 (0.0249122)
71 (1.39089e-09)
73 (0.160073)
74 (2.94259e-09)
75 (5.03998e-05)
76 (3.43303e-09)
77 (2.86493e-07)
78 (0.00531611)
79 (7.66489e-05)
80 (0.0601103)
81 (1.21164e-06)
82 (1.05594e-07)


------------------------------------------------

Tabulated Posteriors for Each Site
Sites in Columns, Rate Classes in Rows
Import the following part into a data processing program
for further analysis


Rate/Site	Rate=0.00451617	Rate=0.0176524	Rate=0.0348296	Rate=0.0557637	Rate=0.0809768	Rate=0.111612	Rate=0.149811	Rate=0.199912	Rate=0.272946	Rate=0.632186	Rate=1.30225
1	0.019408	0.0661986	0.109357	0.141112	0.158211	0.159523	0.14538	0.117268	0.0775674	0.00596917	6.72009e-06
2	0.0181296	0.0623697	0.104179	0.136234	0.155169	0.159419	0.148628	0.123381	0.0848966	0.00758537	9.19252e-06
3	0.276639	0.226535	0.174628	0.127369	0.087301	0.0553611	0.031542	0.0152203	0.0053612	4.39056e-05	3.43303e-09
4	0.000488911	0.00674165	0.0229581	0.0500137	0.0867494	0.130095	0.174764	0.212255	0.227593	0.0877044	0.000636731
5	0.0302418	0.0969288	0.147689	0.172843	0.172493	0.15126	0.116153	0.0752045	0.0364648	0.000722278	1.27698e-07
6	0.0275493	0.0895888	0.139091	0.166498	0.170667	0.154514	0.12336	0.083933	0.0436301	0.00116906	3.17715e-07
7	0.000188209	0.00272275	0.00987187	0.0232112	0.0441314	0.0739793	0.114149	0.166164	0.231678	0.314406	0.0194986
8	0.000380959	0.00532194	0.0184385	0.0410332	0.0730566	0.11317	0.158456	0.203528	0.237572	0.146134	0.00290913
9	0.0236106	0.0785202	0.125499	0.15558	0.166251	0.158183	0.134183	0.0986317	0.057121	0.0024185	1.23205e-06
10	0.00071817	0.00963325	0.0316465	0.0659993	0.108653	0.152997	0.190134	0.208736	0.193599	0.0377976	8.6736e-05
11	0.215903	0.190876	0.162549	0.133743	0.105851	0.0797906	0.0562268	0.0356729	0.0185313	0.000855917	8.07097e-07
12	0.277381	0.22691	0.174687	0.127214	0.0870377	0.0550785	0.0313038	0.0150604	0.00528464	4.28519e-05	3.40993e-09
13	0.0307554	0.0983178	0.149295	0.174001	0.172786	0.150608	0.114792	0.073603	0.0351899	0.000652023	1.03265e-07
14	0.0134626	0.047819	0.0832791	0.114575	0.138709	0.153439	0.156814	0.146764	0.120158	0.0248457	0.000134254
15	0.277895	0.227169	0.174728	0.127108	0.0868554	0.0548827	0.0311386	0.0149494	0.00523126	4.20829e-05	3.37933e-09
16	0.278268	0.227361	0.174762	0.127033	0.0867243	0.0547396	0.0310159	0.0148653	0.00518972	4.13885e-05	3.32902e-09
17	1.58091e-05	0.000834959	0.00546409	0.0184586	0.0447512	0.0883479	0.150531	0.226747	0.298994	0.164742	0.00111413
18	8.98086e-12	2.89053e-08	1.49218e-06	2.13742e-05	0.000165094	0.000895947	0.00392499	0.0152441	0.0577757	0.752131	0.16984
19	0.0164657	0.0570595	0.0963016	0.127694	0.148166	0.156105	0.150774	0.131938	0.0992377	0.0161734	8.55556e-05
20	2.54185e-11	8.03003e-08	4.04503e-06	5.62253e-05	0.000418708	0.00217265	0.00899423	0.0323945	0.109732	0.791811	0.0544167
21	1.4806e-05	0.000784155	0.00515044	0.0174777	0.0426079	0.0846936	0.145571	0.221883	0.297912	0.182304	0.00160231
22	0.211949	0.188244	0.161279	0.133682	0.106754	0.0813546	0.0581189	0.0375439	0.0200237	0.0010499	1.22367e-06
23	0.0154538	0.0541375	0.0925898	0.124595	0.14686	0.157246	0.15428	0.136834	0.103534	0.0144318	3.70057e-05
24	0.0310494	0.09909	0.150147	0.174557	0.172845	0.150173	0.11404	0.0728144	0.0346437	0.000640912	1.11972e-07
25	0.283483	0.229998	0.175189	0.125957	0.084882	0.0527559	0.0293361	0.0137296	0.00463756	3.23728e-05	2.31364e-09
26	1.72416e-14	7.8409e-10	1.42309e-07	4.61676e-06	6.48183e-05	0.000558436	0.0035285	0.0182735	0.0851404	0.85319	0.0392394
27	1.51856e-05	0.000804066	0.00527908	0.0179028	0.0436007	0.0865339	0.148372	0.225234	0.300067	0.171035	0.00115673
28	0.0305833	0.0978579	0.148774	0.17364	0.172716	0.150843	0.115241	0.0741074	0.0355699	0.000667633	1.04939e-07
29	0.27715	0.226794	0.17467	0.127264	0.0871201	0.0551662	0.0313771	0.015109	0.0053075	4.31252e-05	3.40304e-09
30	0.207873	0.185486	0.159891	0.133531	0.107609	0.0829288	0.060087	0.0395556	0.0217033	0.00133374	2.36946e-06
31	0.0145351	0.0512389	0.0883541	0.120094	0.143282	0.155704	0.155632	0.141467	0.110989	0.0186328	7.00253e-05
32	0.0302296	0.096906	0.147682	0.172865	0.172538	0.151306	0.116175	0.0751834	0.0364066	0.000708352	1.1498e-07
33	0.28168	0.229075	0.175025	0.126315	0.0855134	0.0534462	0.0299294	0.0141382	0.0048416	3.61696e-05	2.81969e-09
34	0.000628548	0.00851622	0.0283458	0.0600632	0.100784	0.145225	0.1857	0.211576	0.207002	0.0519763	0.000182824
35	0.276639	0.226535	0.174628	0.127369	0.087301	0.0553611	0.031542	0.0152203	0.0053612	4.39056e-05	3.43303e-09
36	0.277895	0.227169	0.174728	0.127108	0.0868554	0.0548827	0.0311386	0.0149494	0.00523126	4.20829e-05	3.37933e-09
37	0.204278	0.183138	0.158814	0.133562	0.108501	0.0843849	0.0617865	0.0411741	0.022925	0.00143366	2.05213e-06
38	0.0181965	0.0625655	0.104434	0.136458	0.155284	0.159378	0.148427	0.123069	0.0845842	0.00759452	9.82305e-06
39	0.0204616	0.0693387	0.113574	0.145046	0.160614	0.159529	0.142697	0.112336	0.0717341	0.0046649	3.91373e-06
40	2.21808e-06	0.000125597	0.000900149	0.00339635	0.00940385	0.0218058	0.0453726	0.088709	0.170611	0.572497	0.0871767
41	0.000216275	0.00311026	0.01119	0.0260647	0.0490035	0.0810423	0.122977	0.175193	0.236873	0.280112	0.0142177
42	0.295371	0.235805	0.175886	0.123299	0.0806274	0.0483389	0.0257222	0.0113801	0.00355284	1.77936e-05	8.41866e-10
43	1.19296e-05	0.000639586	0.0042678	0.0147599	0.0367972	0.0751108	0.133301	0.211495	0.299846	0.221859	0.00191104
44	0.278561	0.227495	0.174766	0.126956	0.0866144	0.0546337	0.0309367	0.0148206	0.00517438	4.1679e-05	3.41518e-09
45	0.233142	0.201466	0.166681	0.132582	0.100945	0.072798	0.0487458	0.0291115	0.0140127	0.000515514	4.25563e-07
46	1.24551e-05	0.000665694	0.00442434	0.0152289	0.0377572	0.0765773	0.134887	0.212113	0.297467	0.218466	0.00240175
47	0.28397	0.230227	0.175203	0.125837	0.084703	0.0525785	0.0291985	0.0136466	0.00460406	3.23205e-05	2.3613e-09
48	0.279295	0.227866	0.174827	0.126805	0.086355	0.0543542	0.0307	0.0146606	0.00509667	4.04462e-05	3.31469e-09
49	2.20726e-13	1.66381e-09	1.49735e-07	3.24677e-06	3.51688e-05	0.000255942	0.0014656	0.00736268	0.0363882	0.808078	0.146411
50	0.0318086	0.101123	0.15246	0.176173	0.173184	0.149159	0.112059	0.0705634	0.0329154	0.000555515	8.05773e-08
51	1.85284e-07	3.87036e-05	0.000507508	0.00279695	0.0100723	0.0281711	0.0666716	0.140163	0.269352	0.471039	0.0111878
52	0.000520142	0.00713926	0.0241682	0.0522783	0.0899267	0.133546	0.177305	0.212203	0.22303	0.0793652	0.000517747
53	4.23892e-05	0.00209984	0.0126455	0.0386423	0.0831512	0.142329	0.203694	0.245552	0.23692	0.0348759	4.81476e-05
54	0.000495713	0.00683205	0.0232498	0.0506029	0.0876661	0.131258	0.17593	0.21295	0.227011	0.083498	0.000506429
55	0.278792	0.227634	0.174817	0.126934	0.0865425	0.0545368	0.0308383	0.0147405	0.00512577	4.00493e-05	3.08443e-09
56	0.278481	0.227478	0.174793	0.127	0.0866529	0.0546544	0.0309367	0.014806	0.00515671	4.04464e-05	3.08544e-09
57	0.000545256	0.00745659	0.0251234	0.0540372	0.0923335	0.136043	0.178919	0.211636	0.218986	0.0743991	0.000521199
58	1.84971e-07	3.86928e-05	0.000508242	0.00280638	0.0101269	0.0283836	0.0673126	0.141761	0.27264	0.466472	0.00995009
59	0.27709	0.226764	0.174666	0.127276	0.0871413	0.0551887	0.0313958	0.0151214	0.00531334	4.31968e-05	3.40209e-09
60	0.224713	0.1966	0.165152	0.133637	0.103663	0.0762526	0.0521172	0.0317649	0.0155616	0.000538227	3.00265e-07
61	0.0338164	0.106472	0.158504	0.180335	0.173972	0.146425	0.10686	0.0647429	0.028517	0.000356921	3.04224e-08
62	0.0174957	0.0604029	0.101375	0.133363	0.153038	0.158727	0.149839	0.126578	0.0895569	0.00960432	2.02338e-05
63	0.000200486	0.00289589	0.0104775	0.0245683	0.0465495	0.0776816	0.11914	0.171946	0.236469	0.295071	0.0150012
64	0.277992	0.227224	0.174745	0.127094	0.0868235	0.0548433	0.031101	0.0149205	0.0052147	4.15769e-05	3.25787e-09
65	0.0134671	0.0478441	0.0833398	0.11468	0.138855	0.153605	0.156957	0.146813	0.120011	0.0243094	0.000119275
66	0.278489	0.227458	0.17476	0.126971	0.0866402	0.0546615	0.0309603	0.0148366	0.00518216	4.17974e-05	3.41967e-09
67	0.00064783	0.00874956	0.0290056	0.0611752	0.102109	0.146266	0.185805	0.210159	0.204018	0.0518371	0.000227793
68	0.0189548	0.0648432	0.107527	0.139392	0.157141	0.159487	0.146521	0.119412	0.0801416	0.00657214	8.09525e-06
69	0.0307818	0.0983587	0.149287	0.173916	0.172652	0.150489	0.114758	0.0736946	0.0353752	0.00068746	1.27532e-07
70	0.000169373	0.00246094	0.00897305	0.0212415	0.0407134	0.0689111	0.107592	0.159012	0.226531	0.339484	0.0249122
71	0.29099	0.23368	0.175648	0.124292	0.082197	0.0499577	0.0270389	0.0122309	0.00394297	2.29952e-05	1.39089e-09
72	7.87003e-13	2.65426e-09	1.45613e-07	2.24512e-06	1.8935e-05	0.000114216	0.000569883	0.00261744	0.0125907	0.475917	0.508169
73	6.20766e-12	2.02567e-08	1.06435e-06	1.55692e-05	0.000123238	0.000688203	0.00311875	0.0126246	0.0505097	0.772845	0.160073
74	0.28007	0.228278	0.174918	0.126667	0.0860897	0.0540514	0.0304293	0.0144656	0.00499347	3.80535e-05	2.94259e-09
75	0.173975	0.161281	0.146151	0.129728	0.112516	0.0948121	0.0767876	0.0584817	0.0396398	0.00657769	5.03998e-05
76	0.276639	0.226535	0.174628	0.127369	0.087301	0.0553611	0.031542	0.0152203	0.0053612	4.39056e-05	3.43303e-09
77	0.0282652	0.091541	0.141377	0.168181	0.171143	0.153635	0.121432	0.0816137	0.0417478	0.0010635	2.86493e-07
78	2.69714e-07	5.56433e-05	0.000717846	0.00387835	0.013636	0.0370441	0.084544	0.169472	0.303891	0.381444	0.00531611
79	0.0148819	0.052296	0.0898196	0.121526	0.144238	0.155835	0.154755	0.139655	0.108688	0.0182289	7.66489e-05
80	2.62524e-06	0.000148277	0.00105907	0.00397875	0.0109566	0.0252303	0.052017	0.10039	0.189127	0.55698	0.0601103
81	0.0255318	0.0838539	0.131924	0.160562	0.168016	0.156114	0.1289	0.0918364	0.0512327	0.00202798	1.21164e-06
82	0.0307188	0.0982189	0.149182	0.173919	0.172766	0.150654	0.114888	0.073716	0.0352798	0.000657191	1.05594e-07
