
*** RUNNING MODEL 7 (Beta) ***
######################################

>Done in 331 seconds 

-878.417524517163

------------------------------------------------

dN/dS = 0.148369 (sample variance = 0.0337322)

Rate[1]=  0.00024146 (weight=0.1000000)
Rate[2]=  0.00278931 (weight=0.1000000)
Rate[3]=  0.01033446 (weight=0.1000000)
Rate[4]=  0.02515140 (weight=0.1000000)
Rate[5]=  0.04967413 (weight=0.1000000)
Rate[6]=  0.08701904 (weight=0.1000000)
Rate[7]=  0.14184599 (weight=0.1000000)
Rate[8]=  0.22237602 (weight=0.1000000)
Rate[9]=  0.34705366 (weight=0.1000000)
Rate[10]=  0.59720247 (weight=0.1000000)

------------------------------------------------

 No rate classes with dN/dS>1.

------------------------------------------------

Tabulated Posteriors for Each Site
Sites in Columns, Rate Classes in Rows
Import the following part into a data processing program
for further analysis


Rate/Site	Rate=0.000241458	Rate=0.00278931	Rate=0.0103345	Rate=0.0251514	Rate=0.0496741	Rate=0.087019	Rate=0.141846	Rate=0.222376	Rate=0.347054	Rate=0.597202
1	0.215235	0.208203	0.188706	0.155605	0.113152	0.0697611	0.0344105	0.0122772	0.00253488	0.00011481
2	0.198602	0.193449	0.178972	0.153657	0.119468	0.0815764	0.0467761	0.0208462	0.0060929	0.000561002
3	0.227071	0.218377	0.194564	0.155197	0.106965	0.060975	0.0270026	0.0083563	0.00143918	5.25011e-05
4	0.195689	0.190767	0.176929	0.152696	0.119862	0.083239	0.049175	0.0231481	0.00755137	0.000943258
5	0.184507	0.1806	0.169528	0.149805	0.122269	0.09008	0.0579976	0.0309156	0.012152	0.00214631
6	0.193193	0.188521	0.175358	0.152203	0.120585	0.0848938	0.0511216	0.0246963	0.00833888	0.00109059
7	1.53296e-06	0.000200446	0.002591	0.0136474	0.0439274	0.101107	0.178014	0.244529	0.254552	0.161431
8	0.18599	0.181948	0.170509	0.150183	0.121933	0.0891443	0.0567973	0.0298788	0.011578	0.00203893
9	0.000767782	0.0087347	0.0309305	0.0688934	0.11759	0.165236	0.195609	0.193271	0.15042	0.0685483
10	2.51105e-19	5.84954e-13	1.42644e-09	2.64097e-07	1.2962e-05	0.000281251	0.00348388	0.0284658	0.167917	0.799839
11	1.24604e-12	2.1705e-08	3.83161e-06	0.000118323	0.00146002	0.0100342	0.0450012	0.142213	0.322949	0.478221
12	0.00121937	0.0137643	0.0476288	0.101406	0.160716	0.201995	0.20359	0.159826	0.0884186	0.0214361
13	0.00150685	0.0169344	0.0578379	0.120031	0.182392	0.215123	0.197771	0.136066	0.0618696	0.0104683
14	0.178442	0.175035	0.165339	0.147901	0.123151	0.093476	0.0627935	0.0355253	0.015215	0.00312336
15	4.53512e-09	6.78371e-06	0.000315619	0.00382253	0.0221215	0.0773302	0.180153	0.286507	0.294348	0.135395
16	0.226015	0.217471	0.194049	0.155245	0.107524	0.0617538	0.0276503	0.00869679	0.00153612	5.89654e-05
17	0.218729	0.211201	0.190415	0.155445	0.111276	0.0671363	0.0322409	0.0111806	0.00226702	0.000108999
18	3.1541e-06	0.000409437	0.00517945	0.0261422	0.0783513	0.16149	0.240916	0.257664	0.179789	0.0500566
19	0.160011	0.157878	0.151736	0.140393	0.123531	0.101815	0.0769075	0.051287	0.0278237	0.00861656
20	0.00146496	0.0164802	0.056451	0.117795	0.180484	0.21519	0.20022	0.139044	0.0629527	0.00991877
21	0.223435	0.215272	0.19283	0.155425	0.108946	0.0636651	0.0291801	0.00945325	0.00172698	6.76442e-05
22	0.221401	0.213518	0.191803	0.15546	0.109976	0.0651673	0.03048	0.0101691	0.00194265	8.29636e-05
23	4.58483e-06	0.000592385	0.00739028	0.0362864	0.103823	0.199042	0.266021	0.240329	0.127146	0.0193638
24	9.08713e-19	2.10285e-12	5.0282e-09	8.95809e-07	4.12669e-05	0.000813596	0.00876873	0.0585879	0.254955	0.676832
25	3.74151e-06	0.00048386	0.00605451	0.029944	0.0870396	0.172356	0.245418	0.249951	0.165998	0.0427513
26	3.18248e-06	0.000413443	0.00524163	0.0265586	0.0800067	0.165685	0.247297	0.261189	0.17363	0.0399761
27	7.94076e-19	1.83703e-12	4.38901e-09	7.80904e-07	3.59246e-05	0.000708159	0.00766199	0.0519161	0.234861	0.704816
28	4.05285e-06	0.000524178	0.00655962	0.0324186	0.0938848	0.183881	0.255184	0.24671	0.148855	0.0319771
29	1.41731e-06	0.000185555	0.00240727	0.0127683	0.0415517	0.0971203	0.174385	0.24502	0.260598	0.165962
30	3.80644e-09	5.70459e-06	0.000266906	0.00326808	0.0192526	0.0691007	0.167045	0.279305	0.306737	0.15502
31	0.221657	0.213737	0.191927	0.155448	0.109841	0.0649781	0.0303227	0.0100872	0.00192028	8.17365e-05
32	0.213304	0.206422	0.187349	0.154993	0.113511	0.0710299	0.0361297	0.0137485	0.00328064	0.000232045
33	0.220955	0.213129	0.191565	0.155448	0.110185	0.0654953	0.0307824	0.0103491	0.00200322	8.82303e-05
34	3.52161e-06	0.000456409	0.00574635	0.0287376	0.0848503	0.171057	0.247373	0.253469	0.166502	0.0418052
35	2.79848e-06	0.000363981	0.00463083	0.0236323	0.0720913	0.152422	0.235308	0.262805	0.192846	0.055898
36	0.213189	0.206331	0.187317	0.15504	0.113615	0.0711321	0.0361743	0.0137316	0.00324711	0.000221602
37	0.194765	0.18994	0.17636	0.152534	0.12015	0.0838569	0.0498778	0.0236912	0.00782448	0.00100055
38	0.198826	0.19362	0.179007	0.153506	0.119179	0.081299	0.0466748	0.0209613	0.00628646	0.000641314

*** RUNNING MODEL 8 (Beta & w) ***
######################################

>Done in 455 seconds 

-878.421430547245

------------------------------------------------

dN/dS = 0.147858 (sample variance = 0.0336511)

Rate[1]=  0.00024721 (weight=0.0999351)
Rate[2]=  0.00282361 (weight=0.0999351)
Rate[3]=  0.01039009 (weight=0.0999351)
Rate[4]=  0.02517061 (weight=0.0999351)
Rate[5]=  0.04954687 (weight=0.0999351)
Rate[6]=  0.08658054 (weight=0.0999351)
Rate[7]=  0.14087049 (weight=0.0999351)
Rate[8]=  0.22056466 (weight=0.0999351)
Rate[9]=  0.34402231 (weight=0.0999351)
Rate[10]=  0.59283283 (weight=0.0999351)
Rate[11]=  1.00023155 (weight=0.0006489)

------------------------------------------------

 Sites with dN/dS>1 (Posterior cutoff = 0.5)



------------------------------------------------

 Sites with dN/dS<=1 (Posterior cutoff = 0.5)

1 (6.35561e-09)
2 (1.00396e-07)
3 (3.07745e-09)
4 (3.29589e-07)
5 (1.20779e-06)
6 (3.84481e-07)
7 (0.000351286)
8 (1.2195e-06)
9 (0.000104206)
10 (0.00978998)
11 (0.00201547)
12 (1.36524e-05)
13 (4.12585e-06)
14 (2.12253e-06)
15 (0.000145628)
16 (3.7514e-09)
17 (8.6389e-09)
18 (3.02344e-05)
19 (9.74967e-06)
20 (3.04572e-06)
21 (3.90142e-09)
22 (5.44905e-09)
23 (4.03403e-06)
24 (0.00346023)
25 (2.14111e-05)
26 (1.46139e-05)
27 (0.00466535)
28 (1.35058e-05)
29 (0.000343691)
30 (0.000179223)
31 (5.39615e-09)
32 (3.74546e-08)
33 (6.16122e-09)
34 (2.20887e-05)
35 (3.10339e-05)
36 (3.28865e-08)
37 (3.67171e-07)
38 (1.5502e-07)


------------------------------------------------

Tabulated Posteriors for Each Site
Sites in Columns, Rate Classes in Rows
Import the following part into a data processing program
for further analysis


Rate/Site	Rate=0.000247208	Rate=0.00282361	Rate=0.0103901	Rate=0.0251706	Rate=0.0495469	Rate=0.0865805	Rate=0.14087	Rate=0.220565	Rate=0.344022	Rate=0.592833	Rate=1.00023
1	0.21499	0.207887	0.188364	0.155392	0.113206	0.0700699	0.0347974	0.0125449	0.00262875	0.000120833	6.35561e-09
2	0.198327	0.193124	0.178631	0.153419	0.119459	0.0818261	0.0471705	0.021194	0.00626594	0.000583335	1.00396e-07
3	0.226844	0.218063	0.194219	0.155005	0.107067	0.0613148	0.0273648	0.00856759	0.00149913	5.54335e-05	3.07745e-09
4	0.19541	0.19044	0.176588	0.152456	0.119845	0.0834757	0.0495623	0.0235042	0.00774398	0.000975218	3.29589e-07
5	0.184222	0.180277	0.169195	0.149556	0.122212	0.0902641	0.0583598	0.0313018	0.0124058	0.00220613	1.20779e-06
6	0.192893	0.188177	0.175006	0.151955	0.120563	0.0851315	0.0515207	0.0250741	0.00855169	0.00112839	3.84481e-07
7	1.60716e-06	0.0002054	0.00261843	0.0136692	0.0437549	0.100444	0.176872	0.243692	0.255206	0.163185	0.000351286
8	0.185707	0.181626	0.170175	0.149935	0.121882	0.0893346	0.0571617	0.0302594	0.0118224	0.00209522	1.2195e-06
9	0.000784195	0.00881958	0.0310139	0.0687775	0.117106	0.16445	0.194925	0.193254	0.151296	0.0694688	0.000104206
10	2.91694e-19	6.34776e-13	1.48531e-09	2.67579e-07	1.28879e-05	0.000276154	0.00339655	0.0277056	0.164188	0.79463	0.00978998
11	1.37655e-12	2.29119e-08	3.93453e-06	0.00011932	0.00145465	0.0099239	0.0443689	0.140388	0.320745	0.480981	0.00201547
12	0.00124364	0.0138769	0.0476821	0.101089	0.159899	0.201034	0.203205	0.160448	0.0895703	0.0219376	1.36524e-05
13	0.00153657	0.0170689	0.0578859	0.119626	0.181456	0.214186	0.197631	0.136919	0.0629208	0.0107657	4.12585e-06
14	0.178142	0.174704	0.165002	0.147644	0.123076	0.0936374	0.0631471	0.0359319	0.0155092	0.00320539	2.12253e-06
15	4.86604e-09	7.03348e-06	0.000320499	0.00383003	0.0219822	0.0765438	0.17839	0.285097	0.295776	0.137909	0.000145628
16	0.225785	0.217156	0.193704	0.155051	0.107622	0.0620913	0.0280152	0.00891323	0.00159908	6.22001e-05	3.7514e-09
17	0.218488	0.210884	0.190072	0.155238	0.111345	0.0674549	0.0326208	0.0114319	0.00235178	0.00011454	8.6389e-09
18	3.29918e-06	0.000418559	0.00522151	0.0261229	0.0778945	0.160274	0.239536	0.257661	0.18162	0.0512182	3.02344e-05
19	0.159734	0.157582	0.151436	0.140143	0.123407	0.101878	0.0771655	0.0516718	0.0281936	0.00877916	9.74967e-06
20	0.00149413	0.0166143	0.0565084	0.117415	0.17957	0.214241	0.200039	0.13988	0.0640231	0.0102117	3.04572e-06
21	0.223203	0.214958	0.192486	0.155226	0.109033	0.0639952	0.0295501	0.00968106	0.00179616	7.13385e-05	3.90142e-09
22	0.221166	0.213203	0.191459	0.155257	0.110055	0.0654926	0.0308545	0.010407	0.00201823	8.73621e-05	5.44905e-09
23	4.79165e-06	0.000605038	0.00744326	0.0362274	0.103154	0.19754	0.264784	0.24103	0.1292	0.0200076	4.03403e-06
24	1.05438e-18	2.27916e-12	5.22906e-09	9.06571e-07	4.10003e-05	0.000798937	0.00856198	0.0572326	0.250959	0.678945	0.00346023
25	3.91296e-06	0.000494538	0.00610223	0.0299162	0.0865302	0.1711	0.244137	0.25011	0.167798	0.0437861	2.14111e-05
26	3.32779e-06	0.000422522	0.00528263	0.0265312	0.0795167	0.164392	0.245846	0.261263	0.175654	0.0410739	1.46139e-05
27	9.21401e-19	1.99112e-12	4.5645e-09	7.90317e-07	3.5694e-05	0.000695423	0.00748094	0.0506987	0.23095	0.705473	0.00466535
28	4.23727e-06	0.000535582	0.00660927	0.0323783	0.0933083	0.182512	0.253908	0.247111	0.150787	0.0328333	1.35058e-05
29	1.4861e-06	0.000190169	0.00243313	0.0127905	0.0413913	0.0964784	0.173231	0.244104	0.261206	0.16783	0.000343691
30	4.088e-09	5.92024e-06	0.00027129	0.00327743	0.0191457	0.0684297	0.165413	0.277773	0.307848	0.157657	0.000179223
31	0.221422	0.213422	0.191584	0.155247	0.109921	0.0653039	0.0306966	0.0103239	0.00199514	8.60706e-05	5.39615e-09
32	0.213041	0.206091	0.186999	0.154777	0.113564	0.0713397	0.0365233	0.0140321	0.0033913	0.000242384	3.74546e-08
33	0.220718	0.212813	0.191221	0.155244	0.110262	0.0658197	0.0311579	0.0105894	0.00208047	9.28527e-05	6.16122e-09
34	3.68159e-06	0.000466318	0.00578978	0.0287016	0.0843232	0.169744	0.246011	0.253652	0.168428	0.0428584	2.20887e-05
35	2.9274e-06	0.000372125	0.00466897	0.0236173	0.0716723	0.151252	0.233868	0.26263	0.194674	0.0572111	3.10339e-05
36	0.21294	0.206013	0.186975	0.154825	0.113662	0.0714314	0.0365584	0.0140092	0.00335496	0.000231341	3.28865e-08
37	0.194467	0.189596	0.176007	0.152289	0.120134	0.0841018	0.0502789	0.0240628	0.00802816	0.00103541	3.67171e-07
38	0.198529	0.193274	0.178651	0.153265	0.119178	0.0815642	0.0470843	0.0213199	0.00646675	0.000666555	1.5502e-07
